-50.35 -19.89      0      0    6.5    7.7    0.2      0      0      0    0.5    1.9      2    2.8    1.4    1.6   2.38  13.81      0      0      0      0      0      0      0      0      0      0      0      0   1.95   2.47      0      0      0      0      0      0      0      0   2.05    0.6  13.76   2.85   2.85   2.85   2.85
-44.63 -21.28    0.1      0    0.8    3.6    0.4      0      0      0    0.9    3.5    5.6      6    2.7    2.1   5.08   5.22    6.1      0      0      0      0      0      0      0      0      0   0.25      0      0   2.93   0.28      0      0      0      0      0      0      0      0      1   2.33   0.22   0.22   0.22   0.22
-48.16 -20.25      0      0    2.6      6    2.8      0    0.1    0.1    0.3    0.9    1.5    1.5      1    1.3   0.53  15.54      0      0      0      0      0      0      0      0      0      0      0      0      0      0      0      0      0      0      0      0      0      0      0   0.87   7.84   2.67   2.67   2.67   2.67
-46.95  -21.6      0      0    2.8    8.5    1.3      0    0.1    0.1    1.8    4.5    7.1    6.6    5.4    5.6    0.9   8.65      0      0      0      0      0      0      0      0      0      0      0      0      0   0.99      0      0      0      0      0      0      0      0      0   0.74   3.85   0.48   0.48   0.48   0.48
-45.04 -21.14    0.1      0    0.8    3.6    0.9      0    0.4    0.2    0.5    2.9    4.4    5.9    1.9    1.9   6.14  14.32    8.9      0      0      0      0      0      0      0      0      0      0      0      0   3.26   0.21      0      0      0      0      0      0      0      0   0.23   1.36      0      0      0      0
-46.32 -20.67      0      0    1.2    4.7    0.6      0    0.2    0.3    0.6    2.8    4.3    4.6    2.7    2.9   2.67  16.57   1.86      0      0      0      0      0      0      0      0      0      0      0      0   1.05      0      0      0      0      0      0      0      0      0   1.03   2.29   0.42   0.42   0.42   0.42
-49.18  -20.3      0      0    4.8    8.9    0.3      0      0    0.2    0.6    1.5    2.2    2.2    1.7    1.7   1.29   9.07      0      0      0      0      0      0      0      0      0      0      0      0   0.22   0.35      0      0      0      0      0      0      0      0   0.37   0.55   9.28   1.37   1.37   1.37   1.37
-45.67 -21.59    0.1      0    2.3    6.3    1.3      0      0    0.1    3.2    6.2    7.3    7.6    5.7    5.2   0.96  11.15      0      0      0      0      0      0      0      0      0      0   0.27      0      0   1.78   0.39      0      0      0      0      0      0      0      0   0.93   7.14   0.74   0.74   0.74   0.74
-48.18 -21.02      0      0    6.5   13.1      1      0    0.1    0.2    2.5    4.8    5.9    5.7    4.4    4.3   0.83   6.81      0      0      0      0      0      0      0      0      0      0      0      0   0.39   1.64      0      0      0      0      0      0      0      0   1.84   1.08   3.77   0.54   0.54   0.54   0.54
-45.49 -21.61    0.1      0    1.3    4.8    0.7      0      0    0.1    3.3    5.6    8.1    7.5    5.3    5.5   1.61  21.39   1.17      0      0      0      0      0      0      0      0      0      0      0      0   1.83      0      0      0      0      0      0      0      0      0   0.29   2.91      0      0      0      0
-48.55    -20      0      0    1.5    4.1    2.1      0    0.5      0    0.2    0.9    1.2    1.9    0.8      1   2.93  23.81   0.37      0      0      0      0      0      0      0      0      0      0      0      0   0.37   0.31      0      0      0      0      0      0      0      0   2.15    3.3   6.22   6.22   6.22   6.22
-51.65    -26      0   14.7    2.2    2.8    0.4    0.2    0.3    7.5    7.2     12   19.2   21.8   13.6    9.1  26.57  14.09      0      0      0      0      0   9.95   0.31   4.13     35      0      0  10.08   5.71      0      0      0      0      0      0      0   0.49     35  25.01   3.17   0.96  15.43  15.43  15.43  15.43
   -52 -25.78    0.3     16    0.8    1.6    0.5    0.3    0.3      8    4.5    8.9   18.4   20.5   15.3   10.5  35.49  14.98      0      0      0      0      0  10.61      0   4.88     37      0      0   8.45   3.49      0      0      0      0      0      0      0   1.65     37  11.12   0.96   0.39   9.08   9.08   9.08   9.08
-53.48 -25.53    0.1     21      1    2.2    0.4    0.2    0.3      4    1.9    5.5   11.2   13.5    8.7    6.5  32.97  17.52      0      0      0      0      0   8.54   0.27   3.74     36      0      0   5.73   3.63      0      0      0      0      0      0      0   5.02     36   0.86   0.29   0.58    7.2    7.2    7.2    7.2
-51.74 -25.49    0.2   10.6    2.1    3.6    0.3    0.2    0.1    5.7    4.8   12.8   20.5   20.2   13.6    7.7   6.45  19.84      0      0      0      0      0  15.07   0.55   7.62     36      0      0   3.61  10.13      0      0      0      0      0      0      0   0.38  32.55  25.56   0.67   0.72  20.71  20.71  20.71  20.71
-51.08 -26.23      1    8.9    4.4    5.2    0.4    0.5    0.6    8.1    9.1   15.5   14.4   13.6    8.1    8.4  21.73  14.54      0      0      0      0      0     22   1.04   2.37     22      0      0   8.55   9.25      0      0      0      0      0      0      0      0     22     22  20.73    1.7   8.28   8.28   8.28   8.28
-53.74 -24.19    0.1   21.2    2.8    4.8    0.1      0    0.1    1.1    1.7    3.8    8.8    8.1    6.6    3.2  12.91  19.38      0      0      0      0      0   7.69   1.21   0.99  23.42      0      0   3.63   7.04      0      0      0      0      0      0      0   6.64     25   1.11   0.23   1.94  16.17  16.17  16.17  16.17
-54.56 -22.97      0   17.9    1.5    3.8      0      0      0    0.4    0.4    0.6    4.1    3.4    2.9    0.6  18.64   6.68      0      0      0      0      0  10.36      0      0   2.73   2.33      0   3.66   4.85      0      0      0      0      0      0      0   3.34  22.98      0      0      0   8.39   8.39   8.39   8.39
-54.58 -25.42      0   18.2    3.9    4.7      0      0      0    0.7    0.8    1.6    4.9      5    3.6    1.7     22  11.68      0      0      0      0      0  14.68      0      0  10.53      0      0   2.15    4.4      0      0      0      0      0      0      0  18.72     22      0      0      0  10.36  10.36  10.36  10.36
-53.53 -22.38      0     21    4.3   13.9      0      0      0    0.2    0.9    1.7    2.7    3.5      4    2.3    0.7   10.7      0      0      0      0      0   7.41      0      0      0   1.01      0      0     21   0.24   0.71      0      0      0      0      0   0.39  10.02      0      0      0     21     21     21     21
-53.17 -23.18    0.4   16.1    8.2   12.1    0.1    0.1    0.1    1.3      4    7.8   10.9   10.9    7.5    5.8    2.2  20.16      0      0      0      0      0   5.93   2.38   1.17  20.71   1.24      0   1.55   6.27      0      0      0      0      0      0      0   0.94  10.05  20.02   6.81   2.58  11.55  11.55  11.55  11.55
-48.54 -17.99      0      0      0    0.2      0    0.5      0      0      0      0    0.1    0.4    0.3    0.2   0.41   3.53   5.04   0.64   1.28      0      0      0      0      0      0      0      0      0      0      0    0.5      0      0      0      0   0.23      0      0      0      0   4.38   8.13   8.13   8.13   8.13
-48.67 -16.15      0      0      0    0.1    0.1      0      0      0      0      0      0    0.7    0.9    0.2      0   3.24   11.1   0.64   1.43      0      0      0      0      0      0      0      0      0      0      0   0.71      0   0.31   0.31      0   0.38      0      0      0      0   3.08   16.5   16.5   16.5   16.5
-47.98 -18.45      0      0    0.1    1.1    0.8      0    0.7      0    0.1    0.3    0.4      1    0.4    0.3   4.07  16.53    2.6   0.99   0.72      0      0      0      0      0      0      0      0      0      0   2.33   1.22      0      0      0      0      0      0      0      0      0   1.88  19.62  19.62  19.62  19.62
 -49.1 -18.42      0      0    0.1    0.4    0.8      0      0      0      0    0.1    0.2    0.4    0.2    0.1   2.25  13.68   1.05    0.3      0      0      0      0      0      0      0      0      0      0      0      0   0.36      0      0      0      0      0      0      0      0   0.49   3.03   15.1   15.1   15.1   15.1
 -47.7 -19.13      0      0    0.5    1.6    3.1      0    0.7      0    0.1    0.3    0.5    0.9    0.3    0.4   2.33     31    0.7      0      0      0      0      0      0      0      0      0      0      0      0   0.77   1.02      0      0      0      0      0      0      0      0   0.88   0.45  19.98  19.98  19.98  19.98
-50.16 -18.07      0      0    0.1    0.3      0      0      0      0    0.1    0.2    0.4    0.5    0.5    0.6      0   10.4   2.54   0.25      0      0      0      0      0      0      0      0      0      0      0      0      0      0      0   1.34   0.29      0      0      0   0.41   3.62   8.26  10.42  10.42  10.42  10.42
-47.68 -18.05      0      0      0    0.3    0.1      0      0      0    0.1    0.1    0.1    1.1    0.6    0.3    0.5   2.57   4.83   0.53   1.66      0      0      0      0      0      0      0      0      0      0      0   0.23      0      0      0      0      0      0      0      0      0   0.99  14.28  14.28  14.28  14.28
 -50.5 -19.02      0      0    0.7    1.3    0.4      0      0      0    0.1    0.5    0.7    1.1    0.6    0.5   1.81   8.49   1.38   0.32      0      0      0      0      0      0      0      0      0      0      0   0.47      0      0      0   0.48      0   0.32      0      0   0.22    2.6   9.12  12.53  12.53  12.53  12.53
-50.52 -22.94      0    1.2    4.3    9.9    0.2      0    0.1    0.6    3.8    6.9    8.4    6.5    5.3    6.5      0     23      0      0      0      0      0      0  10.37      0      0   0.44      0      0   2.05   7.93      0      0      0      0      0      0      0   1.27   10.9   1.96  10.57   4.19   4.19   4.19   4.19
-51.33 -22.65      0    6.6    7.2   14.4    0.1    0.1    0.2    1.4    4.2    8.3      9    9.5    6.5      7      0     25      0      0      0      0      0   3.63  14.51      0   1.72   0.72      0    0.2   5.31  12.34      0      0      0      0      0      0      0  15.21     25   7.07   6.08   9.95   9.95   9.95   9.95
-49.73 -23.01    0.1    3.1    4.9    7.7    0.2    0.1    0.2    2.3    5.8   10.1   12.6   11.3    6.6    7.3   0.57     28      0      0      0      0      0   4.54  10.35   0.77   2.23   1.15      0      0   6.87   1.59      0      0      0      0      0      0      0   22.5     28   4.37   4.66  13.25  13.25  13.25  13.25
-49.23 -23.22      0    1.3    4.4    7.8    0.2    0.1    0.2    1.8    5.6    8.4   11.5   10.1    6.2    6.8      0     24      0      0      0      0      0   0.79   8.46   0.22      0   1.49      0      0   3.11      4      0      0      0      0      0      0      0  13.15  15.12  10.24  11.26  23.24  23.24  23.24  23.24
-50.71 -24.06    0.5   10.5    5.7    8.1    0.4    0.2    0.3    2.9    6.8   12.9   13.9   11.8    6.7    6.5    4.3     29      0      0      0      0      0  11.52   5.13   1.06     29   0.35      0      0   7.91    0.2      0      0      0      0      0      0      0  10.42     29  18.55    2.3   10.6   10.6   10.6   10.6
-52.87  -22.5      0   13.2    6.6     26    0.1      0    0.1    0.6    2.9    6.3    7.1    8.4    6.4    6.6      0  19.83      0      0      0      0      0   0.74   2.63      0      0      0      0      0   2.44   5.21      0      0      0      0      0      0   0.46   7.88     26   8.84   1.68   2.52   2.52   2.52   2.52
-47.33 -16.21      0      0      0    0.1    0.1      0      0    1.2    0.1      0      0    0.6    0.7    0.1      0    1.9   5.21      0   1.02      0      0      0      0      0      0      0      0      0      0      0   1.04      0   0.22      0      0      0      0      0      0      0      0   5.25   5.25   5.25   5.25
-44.76 -18.95      0      0    0.3    1.9    0.4      0    2.1      0    0.1    1.2    1.6    3.7    1.4    0.7   4.93  11.36  17.06   3.24   0.72      0      0      0      0      0      0      0      0      0      0   3.71      0      0      0      0      0      0      0      0      0   0.24   0.48   2.29   2.29   2.29   2.29
-44.86 -15.93      0      0      0    0.1      0      0      0    0.4      0      0      0    0.4    1.1    0.4   0.79   0.75   4.45   0.65   2.19      0      0      0      0      0      0      0      0      0      0      0      0      0      0      0      0      0      0      0      0      0      0   0.37   0.37   0.37   0.37
-45.07 -16.37      0      0      0    0.6    0.1      0      0      0    0.1    0.3    0.4    2.2    1.5    0.7   3.51   4.51   4.97   3.52   2.45   0.27      0      0      0      0      0      0      0      0      0   0.85   0.81      0      0      0      0      0      0      0      0      0   0.32   3.39   3.39   3.39   3.39
-45.27 -18.16      0      0    0.6    2.9    0.4      0    0.5      0    0.2    1.2    1.6    4.3    1.4    1.1   9.72  18.62   5.17   0.84   0.66      0      0      0      0      0      0      0      0      0      0   2.69      0      0      0      0      0      0      0      0      0   1.05   0.37    3.7    3.7    3.7    3.7
-43.83 -11.35      0      0      0      0      0      0      0      0      0      0      0      0    0.1      0      0      0      0   1.11   1.46   0.86      0      0      0      0      0      0      0      0      0      0      0      0      0      0      0      0      0      0      0      0      0      0      0      0      0
-48.55 -22.52      0    0.3    7.4     13    0.5    0.1    0.1    0.6      4      6    8.5    7.1    5.5    5.6   0.38  14.46      0      0      0      0      0      0    1.4      0      0   0.25      0      0   2.25   1.62      0      0      0      0      0      0      0      0   4.06   5.97   8.09   9.67   9.67   9.67   9.67
-46.91 -23.46    0.1    0.1    9.1   10.1    0.4    0.2    0.3    0.6    5.7    9.5   13.6   10.1    7.9    6.5      0  11.72      0      0   0.39      0      0      0   0.76      0      0   4.88    0.7      0   1.05   4.89      0      0      0      0      0      0      0      0   4.11   4.75   8.29   14.3   14.3   14.3   14.3
-48.99 -21.76      0    0.2    6.4   13.7    0.4    0.1    0.1    0.5    4.1    5.7    9.5    6.9    5.3    5.6   0.22  16.42      0      0      0      0      0      0   0.32      0      0      0      0      0   1.84   1.59      0      0      0      0      0      0      0      0   2.18   0.55   0.97   0.21   0.21   0.21   0.21
 -50.2 -21.12      0    0.3    7.3   13.6    0.2      0      0    0.1    2.7    4.3    5.5    5.8    3.2    3.5   0.34   20.3   0.22      0      0      0      0      0      0      0      0      0      0      0   5.73   1.68      0      0      0      0      0      0      0      0   6.66   0.51   7.18   0.26   0.26   0.26   0.26
 -48.3  -13.4      0      0      0      0      0      0      0      0    0.1      0    0.1    0.5    0.4    0.1      0   2.17   4.19   1.07   2.48   0.74   0.27      0      0      0      0      0      0      0      0      0   1.66      0   0.35   0.27      0      0      0      0      0   1.18   9.79   8.33   8.33   8.33   8.33
 -51.2 -27.78    0.5   17.9      1    0.1      1    2.7    5.2    7.7    5.9    4.4    9.8    7.7   14.1    5.2     31   0.84      0      0      0      0      0  12.66      0  25.86    7.5      0      0     31   9.78      0      0      0      0      0      0      0   7.75  28.54     31  14.96   0.29   0.69   0.69   0.69   0.69
-51.33  -27.6      0   15.4    0.6    0.6    0.9      1    3.5    4.4    8.3    6.3   14.4   13.3   15.1    8.9     30   1.62      0      0      0      0      0      9      0     30   6.45      0      0     30  12.88      0      0      0      0      0      0      0   2.51  27.13     30  18.11   0.46   3.04   3.04   3.04   3.04
-53.04 -27.14      0   35.8      1    0.7    1.1    0.7    2.2      5    1.8    3.1    7.1    6.5   11.4    4.8  25.08   0.81      0      0      0      0      0   8.12      0     36  28.63      0      0     36   3.73      0      0      0      0      0      0      0  19.54  10.51   3.77   1.79      0    7.2    7.2    7.2    7.2
-52.38 -27.27    0.1     27    1.2    0.6    0.9    1.1    2.6    8.1    4.6    5.2   10.4   10.8   14.1    7.7     32   3.26      0      0      0      0      0  15.41      0  27.39  13.15      0      0     32   3.18      0      0      0      0      0      0      0   2.26  24.96   17.9   9.61      0   7.42   7.42   7.42   7.42
-51.78 -27.52    1.1   25.9      1    0.7    0.7    1.8    3.4    6.9    3.8    3.9    7.6    7.5   12.4    5.6     37   0.74      0      0      0      0   0.26  12.05      0     37  13.91      0      0  33.19  12.35      0      0      0      0      0      0      0    2.8  20.26  17.65  11.32      0   3.41   3.41   3.41   3.41
-52.73 -27.35    0.3     29    0.2      0    1.2    2.3    4.4    5.9    1.7    1.7    6.3    3.9   10.3    2.9     32      0      0      0      0      0   1.49  16.38      0   15.8   9.43      0      0   27.5   4.66      0      0      0      0      0      0      0   13.1  10.32   5.14   3.26      0   6.23   6.23   6.23   6.23
-52.54 -26.66      0   25.3    0.6      1    0.7    0.4    0.7    4.8    2.3    3.6    9.3   10.3   10.1    8.1     37   9.74      0      0      0      0      0   10.2      0  10.05  32.14      0      0   8.71   0.43      0      0      0      0      0      0      0   1.88  27.59   6.57   2.24      0  14.17  14.17  14.17  14.17
-55.05 -28.14    0.6     32      0      0    1.2    1.5    4.6    1.2    0.3    0.4    1.2    1.1    2.3      1     32      0      0      0      0      0  10.67   5.75      0      0      0      0      0     32   1.29      0      0      0      0      0      0      0  30.05   0.35   0.41      0      0   3.53   3.53   3.53   3.53
-51.87 -18.68      0      0    3.4    5.2    0.6      0      0      0    0.2    0.8    1.3    1.5    0.4    0.8      0   9.23      0      0      0      0      0      0      0      0      0      0      0      0      0   1.81      0      0      0   1.73      0      0      0   0.39   1.36   5.29    6.7  10.55  10.55  10.55  10.55
-50.76 -19.16      0      0    2.3    8.3      0      0      0      0    0.2    0.7    1.1    1.3    0.4    0.8   0.97   3.04   0.33      0      0      0      0      0      0      0      0      0      0      0      0   1.11      0      0      0   0.68      0   0.28      0   0.31    2.6   8.64   4.97   8.08   8.08   8.08   8.08
-50.64 -19.12      0      0    0.6    0.8      0      0      0      0    0.1    0.3    0.7    0.8    0.3    0.7   0.55   4.29   0.39      0      0      0      0      0      0      0      0      0      0      0      0    0.5      0      0      0   0.32      0      0      0      0   0.66   5.55   5.99  15.54  15.54  15.54  15.54
-51.35  -20.4      0    0.3    5.9    5.5    0.1      0      0      0    0.6    1.4    2.2    2.5    0.8    1.1   3.88  14.17   0.22      0      0      0      0      0   0.38      0      0      0      0      0   4.19   5.57      0      0      0      0      0      0      0    0.7   6.34   5.57  10.31   4.15   4.15   4.15   4.15
-51.63 -20.86      0    0.9    9.4     14      0      0      0      0    0.6    2.6    2.4    2.9    1.1      1   2.38  22.46   0.27      0      0      0      0      0   0.38      0      0      0      0      0   8.41   5.07      0      0      0      0      0      0      0   1.82   1.74   16.4  10.46   4.12   4.12   4.12   4.12
-53.18 -20.06      0    1.3    5.7    6.3      0      0      0      0    0.5    1.7    1.7    1.6      1    0.6   0.37  14.06   0.89      0      0      0      0   0.31      0      0      0      0      0      0  14.04   1.63   1.22   0.22      0      0      0      0      0   0.81   2.44  13.69   6.71   3.35   3.35   3.35   3.35
-52.87 -21.66      0    9.2    8.2   17.8      0      0      0    0.1    1.5    4.9    3.2    3.5      4    3.6   0.27  12.33   1.89      0      0      0      0   1.62      0      0      0    1.8      0      0     19   1.93   0.51   0.37      0      0      0      0      0  12.58   1.33   0.55   1.35   8.42   8.42   8.42   8.42
-52.91 -22.46      0    5.8     16     21      0      0      0    0.2    2.7    5.9    5.6    5.8    4.7    5.1      0     21   1.35      0      0      0      0   1.46   4.37      0      0      0      0      0   7.12  12.18   0.22      0      0      0      0      0      0    7.6  19.19   8.44   5.05   2.19   2.19   2.19   2.19
 -50.8 -13.69      0      0    0.6    0.2      0    0.5    0.5      0    0.1    0.1    0.1    0.2    0.2    0.2      0   5.39   3.64   0.24   0.35      0      0      0      0      0      0      0      0      0      0      0      0      0      0   0.35   0.24      0      0   0.45   0.72   2.85   7.51   6.94   6.94   6.94   6.94
-49.26  -8.27      0      0      0      0    0.1      0      0    0.2    0.2    0.2    0.2    0.6    0.5    0.3      0   1.36   2.35   0.28   1.35   3.99   0.37      0      0      0      0      0      0      0      0      0      0      0      0      0      0      0      0      0   0.56   6.14   8.64   7.22   7.22   7.22   7.22
-48.37  -9.76      0      0      0      0      0      0      0      0      0      0      0      0    0.1      0      0   0.62   0.43   2.77   7.62   1.68      0      0      0      0      0      0      0      0      0      0      0      0      0      0      0      0      0      0      0   0.52   1.47   1.94   1.94   1.94   1.94
-47.39  -9.31      0      0      0      0      0      0      0    0.1      0      0    0.1    0.3    0.4    0.1      0      0      0      0   6.11   4.56      0      0      0      0      0      0      0      0      0      0      0      0      0      0      0      0      0      0      0   0.41   2.23   0.65   0.65   0.65   0.65
-47.48  -7.33      0      0      0      0      0      0      0    0.2    0.1    0.2    0.2    0.1    0.3    0.1      0      0      0      0   5.47   2.48      0      0      0      0      0      0      0      0      0      0      0      0      0      0      0      0      0      0   1.92   4.94   1.65    1.5    1.5    1.5    1.5
-49.65  -3.83      0      0      0      0    0.1    0.1    0.1    0.1    0.3    0.1    0.1    0.1    0.1      0      0      0      0      0   1.34    3.5    1.9      0      0   0.46   0.35      0      0   0.39      0      0      0      0   0.31      0      0      0      0   0.84   5.25   5.99   0.63   0.24   0.24   0.24   0.24
-51.67 -29.07    0.7   20.5    0.4      0    0.8    2.9      7    3.5    1.8    1.7    5.7    3.2    8.3    2.7     37   0.66      0      0      0      0   3.88   8.24      0   4.74   4.19      0      0  29.18  14.82      0      0      0      0      0      0      0  33.96  17.04  17.61   3.89      0      0      0      0      0
-51.39 -29.01    0.4   19.5    0.5      0      1    1.9    7.1    6.7    3.2    2.4    6.7    3.9    8.4    2.9     30   0.83      0      0      0      0   5.61   11.1      0   3.13   3.36      0      0     30  20.77      0      0      0      0      0      0      0  28.47     30  25.16   5.65   0.49      0      0      0      0
-53.28 -29.45      1     34      0      0    1.9    3.3    6.9      2    0.5    0.6    1.6    1.1    2.8    1.2  27.68      0      0      0      0      0  16.68   5.28      0      0      0      0      0     34   4.57      0      0      0      0      0      0      0     34   1.71   2.06    0.3      0    0.5    0.5    0.5    0.5
-52.54 -28.56      1   28.7    0.4    0.1    1.1    2.9    5.5    6.7    1.8    1.9    6.4    4.7   11.8    3.3     39      0      0      0      0      0   4.86   11.6      0   7.52   6.16      0      0  25.51   6.42      0      0      0      0      0      0      0  14.84    7.5   9.07   2.98      0   1.09   1.09   1.09   1.09
-53.19 -29.02    0.6     35      0      0    1.2    2.3    5.4      4    1.4    1.3    3.9    3.8    7.3    2.4     35      0      0      0      0      0  10.83   6.47      0   0.32   0.48      0      0     35   5.32      0      0      0      0      0      0      0  25.83   1.48   2.06   0.67      0   0.83   0.83   0.83   0.83
-48.87 -25.14    1.4    5.4    7.3    8.2    0.6    0.3    0.4    3.4    7.5   10.5   13.9   11.3    5.8    6.3      0  23.07      0      0      0      0      0  18.85   1.56   1.45  21.02   0.76   0.35      0  13.89    0.5      0      0      0      0      0      0      0  28.17     31  14.14   4.16   9.79   9.79   9.79   9.79
-49.52 -27.14    0.4   12.6    1.9    0.8    0.7    1.4    3.4      7    8.6    7.1   14.4   13.4   10.4   10.2     30   1.42      0      0      0      0      0   9.95      0     30  12.49      0      0     30  15.39      0      0      0      0      0      0      0   2.36  22.92  27.69  20.24   0.54   1.75   1.75   1.75   1.75
-69.12  -12.6      0      0    0.2      0    0.1    0.2    0.2    0.4    0.9    1.6    1.7      1    0.7    0.8    1.1   15.9   6.61      0      0      0      0      0      0      0      0      0      0      0   1.26  15.43   9.63   3.84   2.31   1.25   0.83   0.71   0.28   7.35  12.55   9.39   6.99   1.73   1.73   1.73   1.73
-59.46 -10.16      0      0      0      0      0      0      0    0.2    0.6    0.5    0.3    0.2    0.1    0.1      0   3.67      0      0      0      0      0  13.44   0.47      0   0.81   2.36    0.3   1.29   4.42      0      0      0      0      0      0      0   0.26   20.1   3.74   8.86   0.64   8.25   8.25   8.25   8.25
-65.35 -10.73      0    1.4    0.4      0      0      0      0    1.4    2.6    0.2    0.4    0.4    0.2    0.2   2.33     18   0.49      0      0      0      0      0      0      0      0   3.48   0.79      0   8.98   4.24   0.59   0.27   0.59      0   0.31   0.81   5.29     18   5.35   0.28   0.43   0.42   0.42   0.42   0.42
-58.96 -15.12      0      0    0.3      0      0      0      0    0.1    0.2    0.5    0.2    0.1    0.1    0.1      0   1.69      0      0      0      0      0   7.17      0      0      0   1.03      0   1.73     21      0      0      0      0      0      0      0    1.7   1.13   4.05      0      0      0      0      0      0
-64.65  -9.25      0      0    0.1      0    0.1    0.1    0.1    0.9    2.5    1.2      1    0.6    0.3    0.5   1.39  19.43   1.38      0      0      0      0   0.29      0      0      0   0.56   2.62   0.73   6.73  10.86    3.2   1.44   1.77   0.56   0.32   0.71   0.65  12.13   9.72   3.35   3.42   2.05   2.05   2.05   2.05
-64.43 -12.43      0    1.5    3.6    0.1    0.2      0      0    0.2    0.3    0.3    0.1    0.1      0    0.1      0  16.36      0      0      0      0      0      0      0      0      0   0.46   0.56      0     23   6.58      0      0   0.25   0.37   0.47   3.37   1.19  17.56   4.33   0.52   1.21   1.42   1.42   1.42   1.42
 -60.7 -11.99      0      0      0      0      0      0      0    0.7    0.5    0.6    0.6    0.1    0.2    0.2      0   0.31      0      0      0      0      0      0      0      0      0      0   0.28   0.22  26.86   0.81      0      0      0      0      0   0.95    2.1   2.31   8.81   4.58   3.82   0.74   0.74   0.74   0.74
-63.45  -8.75      0      0      0    0.1      0      0    0.1    0.2    2.8    1.4    0.7    0.3    0.2    0.2      0   0.77      0      0      0      0      0   1.19      0      0   1.24   3.85  17.13      0   8.16   0.33      0      0      0   0.38      0   21.4   1.67   5.38    2.9  12.12  26.54     28     28     28     28
-63.97  -8.87      0      0    0.7    1.4    0.1      0    0.1    1.9    1.4    0.9    0.5    0.5    0.3    0.2      0    7.8      0      0      0      0      0   2.02   0.51      0      0   0.33  14.36   0.23   6.82   5.67      0      0      0   3.15      0   2.09   0.35   1.55   1.09   1.43   7.82  11.68  11.68  11.68  11.68
   -52  -6.74      0      0      0      0    0.1      0    0.1    0.1    0.1    0.1    0.1    0.2    0.2    0.1      0   2.06    2.6   0.34      0   6.64   3.55      0      0      0   0.31   0.47   0.28   0.96      0      0      0      0      0      0      0      0      0   0.48   2.31   6.97   8.66   8.04   8.04   8.04   8.04
-51.77  -6.75      0      0      0      0    0.1    0.3    0.7    0.2    0.3    0.1    0.2    0.2    0.3    0.1      0      0      0   1.12   0.62     22   9.81      0      0   0.37      0      0      0   2.79      0      0      0      0   0.56      0      0      0      0      0   5.23  11.39  10.32   1.68   1.68   1.68   1.68
-51.91  -3.41      0      0      0      0      0    0.3    0.4    0.4    0.2    0.3    0.3    0.3    0.5    0.2      0      0   0.45      0   0.45  10.25  11.48   0.76      0   0.42   1.44   0.45      0   3.44      0      0      0      0      0      0      0      0      0   0.25   3.04   2.84   3.35   0.87   0.87   0.87   0.87
-55.77 -10.98      0      0      0      0    0.6      0      0    0.4    0.1    0.2    0.1    0.1    0.1    0.1      0   3.31    2.2      0      0   0.29   0.23      0      0      0      0   0.64      0   0.29      0      0      0      0      0      0      0      0      0   3.17   9.94   9.62   9.68   6.48   6.48   6.48   6.48
-57.04  -9.19      0      0      0      0      0      0    0.3    0.5    0.7    0.6    0.5    0.7    0.5    0.4      0   3.89   0.65      0      0   0.68   3.85   0.32      0      0      0   2.56   1.26    6.2      0      0      0      0      0      0      0      0      0   0.25   8.12   3.69   8.65    3.5    3.5    3.5    3.5
-42.57 -16.74      0      0      0    0.1    0.1      0      0      0      0      0    0.2    0.7      1    0.3   2.73   3.47   3.93  19.81   1.45   0.61      0      0      0      0      0      0      0      0      0      0   0.71      0      0      0      0      0      0      0      0      0      0      0      0      0      0
-39.59 -15.97    0.5    0.1      0    0.2    0.2    0.1      0      0      0    0.1    0.8    0.7    2.2    0.9   1.19   1.96   5.12   5.37   2.64   1.86      0      0      0   0.36      0      0   1.25   0.52      0      0   0.45   1.02   0.58      0      0    0.3   0.35      0      0      0      0   0.89   0.89   0.89   0.89
-59.47  -1.92    0.2    0.1    0.5    0.1    0.1    0.4      1    1.4      1    0.5    0.8    1.2    2.8    0.8      0      0   0.48   1.32      0    5.9    8.3   9.98   1.69   0.26   2.39   0.52      0      0      0   0.63      0      0      0      0   2.35    0.4   0.71      0      0  12.04    5.8      0      0      0      0
 -54.3  -2.82      0      0      0      0      0    0.3    0.6    0.2    0.1    0.5    0.6    0.7    0.4    0.5      0      0      0      0      0      0   2.01   1.17      0      0      0      0      0   0.55      0      0      0      0      0      0      0      0      0      0      0   0.23      0      0      0      0      0
-52.52  -0.65    0.2    0.1      0      0      0    0.2    0.3    0.1      0    0.2    0.3    0.3    0.4    0.2      0      0      0      0      0      0      0      0   0.61   1.64   0.28      0      0      0   2.24      0      0      0      0   3.21      0      0      0   0.59      0      0      0      0      0      0      0
 -51.2   0.86    0.1    0.3      0      0      0    0.2    0.3    0.1    0.1    0.1    0.4    0.3    0.7    0.5      0      0      0      0      0      0      0      0   0.45   1.86   0.29      0      0      0   1.53      0      0      0      0   3.51      0      0      0    2.5   0.22      0      0      0      0      0      0
-43.57  -6.75      0      0      0      0      0      0      0    0.1    0.1    0.1    0.1      0    0.1    0.1      0      0      0      0   1.71   0.21      0      0      0      0      0      0      0      0      0      0      0      0      0      0      0      0      0      0   0.28      0      0      0      0      0      0
-54.83 -17.09      0      0    2.9    1.1    2.2      0      0      0    0.1    0.2    0.3    0.2    0.2    0.2      0   6.92      0      0      0      0      0      0      0      0      0      0      0      0   1.02      0    0.6   0.46      0      0      0      0      0   0.42   1.96   4.46   8.34   6.66   6.66   6.66   6.66
-58.73 -15.24      0      0    0.2      0      0      0      0    2.9    1.2    0.3    0.1      0      0      0      0      2      0      0      0      0      0   8.68   0.36      0      0   0.33      0   1.06     34      0      0   1.05      0      0      0      0   1.47   1.91   1.71      0      0      0      0      0      0
-55.78 -14.87      0      0      0    0.3      0      0      0      0    0.1    0.1    0.1    0.1    0.1    0.1      0   4.39   3.36      0      0      0      0      0      0      0      0      0      0      0      0      0      0      0      0      0      0      0      0    0.4  11.63   7.24    2.1   3.42   3.42   3.42   3.42
-54.83 -17.61      0      0      3    0.2      0      0      0      0      0    0.2    0.3    0.3    0.1    0.1      0   6.87      0      0      0      0      0   0.22      0      0      0      0      0      0   3.84      0   0.59   0.28      0      0      0      0      0   0.66   1.35   1.06   8.82   3.92   3.92   3.92   3.92
   -39 -12.58    0.7    0.4    0.1    0.1    0.1    0.1    0.1      0      0      0      0      0      0    0.1      0      0      0    0.3      0      0      0   0.26    5.2   2.36   0.78      0   0.36   1.93   1.59   2.31   1.58   2.87   0.69   0.92   1.04   1.08   3.49    0.5      0      0      0   0.22   0.22   0.22   0.22
 -40.2  -17.9    0.3      0      0    0.1    0.3    0.3    0.4    0.1    0.1    0.3    2.1      2    4.5    2.3      0   0.24   8.31   1.54   1.43   0.57      0      0      0      0      0      0   0.98   0.23      0      0   0.38   2.24   1.57      0      0      0      0      0      0      0      0   4.99   4.99   4.99   4.99
-41.72 -20.92    0.1      0      0      2    1.2      0    0.6      0    0.7    1.8      2    3.8      2    0.9      0    0.4     36   7.99   0.56      0      0      0      0      0      0      0   1.66      0      0   7.76      0      0      0      0      0      0      0      0      0      0      0   7.42   7.42   7.42   7.42
-42.85 -20.21    0.1      0    0.3      4      1      0    1.6    0.9    0.4      4    5.4   10.5    4.6    2.3   0.37    0.6     31   1.94      0      0      0      0      0      0      0      0   0.93      0      0   4.86      0      0      0      0      0      0      0      0      0      0      0   2.49   2.49   2.49   2.49
-42.85 -19.64      0      0      0    1.6    0.4      0    0.1      0    0.1    0.9    1.3      3    1.7    0.7   1.52   1.03  32.82   3.76   2.06      0      0      0      0      0      0      0   0.86   0.42      0   3.87      0      0      0      0      0      0      0      0      0      0      0      0      0      0      0
-42.66 -19.12      0      0      0      1    0.5      0      0      0    0.1    0.7      1    2.7    2.3    0.8      0   7.91    5.2  23.63   7.66      0      0      0      0      0      0      0   1.28      0      0   1.07   1.26   0.28      0      0      0      0      0      0      0      0      0   0.63   0.63   0.63   0.63
-40.92  -19.5    0.1      0      0      1    0.9      0      0      0    0.1    0.8    1.2    2.7    2.9      1   0.27   3.91  18.97  17.51   4.34      0      0      0      0      0      0      0   0.64      0      0   2.24   1.65   0.61   0.22      0      0      0      0      0      0      0      0   2.55   2.55   2.55   2.55
-45.87 -23.37      0      0    4.1    6.1    0.8    0.1    0.1    0.3    6.5   10.9   11.1   10.2      8      6      0   9.54      0      0      0      0      0      0      0      0      0   3.43   2.62      0      0   0.97   0.46      0      0      0      0      0      0      0   0.91   3.48    6.3    9.3    9.3    9.3    9.3
-46.03  -23.2      0      0    5.7    7.7      1    0.1      0    0.3    4.9      8      9    9.2    6.3    5.6      0   9.46      0      0      0      0      0      0      0      0      0   0.74   0.78      0   0.21   1.07      0      0      0      0      0      0      0      0   1.85   1.77  13.11  21.61  21.61  21.61  21.61
-44.57 -22.53    0.1      0    3.1    4.9    0.2    0.1      0    0.3      5    8.2   10.3    9.6    7.1    5.7      0   7.52   0.23      0      0      0      0      0      0      0      0   0.72   0.94      0      0   0.98   0.47      0      0      0      0      0      0      0   0.49   1.83   5.74   6.14   6.14   6.14   6.14
-43.84 -22.48    0.1      0    1.9    3.7    0.4      0    0.1    0.1    3.1    7.3    9.7    9.7    6.2    4.8      0   3.97   1.26      0      0      0      0      0      0      0      0   0.48   3.15   0.26      0   0.21   0.87      0      0      0      0      0      0      0      0   1.89   2.42   3.15   3.15   3.15   3.15
-43.54 -21.91    0.1      0    0.6    2.2    0.4      0      0      0    0.6    2.3    4.8    5.4    2.5    1.6   0.41   1.47   6.69      0      0      0      0      0      0      0      0      0   1.14      0      0   2.29   0.37      0      0      0      0      0      0      0      0   0.54   1.59   0.69   0.69   0.69   0.69
-43.36 -21.94      0      0    0.7    2.2    0.4      0      0      0    0.7    2.5    4.7    5.9    2.7    1.8      0   0.39   5.72      0      0      0      0      0      0      0      0      0   0.35   0.25      0   7.37      0      0      0      0      0      0      0      0      0      0      0    0.2    0.2    0.2    0.2
-42.58 -21.84    0.1      0    1.5    4.5    0.4      0    0.2    0.2    1.3    5.4    9.1   10.3      5    3.1      0   1.62   4.02      0      0      0      0      0      0      0      0   0.54   1.66    0.3      0   9.03   0.31      0      0      0      0      0      0      0      0   0.29   1.68   2.17   2.17   2.17   2.17
-43.83 -22.69      0      0    3.3    4.6    0.6    0.1    0.1    0.2    3.9    9.4   10.3   10.6      7    5.2      0   2.62      0      0      0      0      0      0      0      0      0   0.79    3.2      0   0.23    0.4      0      0      0      0      0      0      0      0      0   3.16   3.26   5.81   5.81   5.81   5.81
-53.67 -25.51    0.1   21.5    0.9    2.1    0.3    0.1    0.4    3.3    1.8    4.6   10.1     12    7.6    5.5     30  16.42      0      0      0      0      0   9.45   0.21   3.43     30      0      0   8.18   3.96      0      0      0      0      0      0      0  10.83     30   0.69   0.24   0.64   5.85   5.85   5.85   5.85
-42.41 -21.45      0      0    0.8    1.9    0.6      0    0.1    0.2    0.6    3.6    5.5    8.5    3.5      2      0      0   11.8      0      0      0      0      0      0      0      0      0   2.46      0      0   9.05      0   0.61      0      0      0      0      0      0      0      0      0   2.02   2.02   2.02   2.02
-64.66  -9.26      0      0    0.2      0    0.1    0.2    0.2    0.5    1.1    1.5    1.6    0.9    0.6    0.8    1.1   16.4    5.9      0      0      0      0      0      0      0      0    0.1    0.3    0.1      2   14.8    8.8    3.5    2.2    1.2    0.8    0.7    0.3      8   12.2    8.6    6.5    1.8    1.8    1.8    1.8
-51.77  -3.13      0      0      0      0      0    0.3    0.5    0.3    0.2    0.2    0.3    0.3    0.4    0.2      0    0.5      1    0.1    0.3    9.7    9.3    0.5      0    0.3    1.1    0.4    0.1    2.8      0      0      0      0      0      0      0      0      0    0.3    2.9    4.2      5    2.8    2.8    2.8    2.8
