-50.35 -19.89      0      0    6.5    7.7    0.2      0      0      0    0.5    1.9      2    2.8    1.4    1.6      0      0      0      0   0.95  11.04      0      0      0      0      0      0      0      0      0      0      0      0      0      0      0   1.35      0      0      0      0      0      0      0      0      0
-44.63 -21.28    0.1      0    0.8    3.6    0.4      0      0      0    0.9    3.5    5.6      6    2.7    2.1      0      0      0      0      0      0      0      0      0      0      0      0      0      0      0    0.3   5.87      0      0      0      0   0.69      0   0.64      0   0.72      0      0      0      0      0
-48.16 -20.25      0      0    2.6      6    2.8      0    0.1    0.1    0.3    0.9    1.5    1.5      1    1.3      0      0      0      0      0   8.99      0      0      0      0      0      0      0      0      0      0   0.83      0      0      0      0   1.23      0      0      0      0      0      0      0      0      0
-46.95  -21.6      0      0    2.8    8.5    1.3      0    0.1    0.1    1.8    4.5    7.1    6.6    5.4    5.6      0      0      0      0   0.21   8.83      0      0      0      0      0      0      0      0      0   1.12   4.22      0      0      0      0   0.31      0   0.32      0   0.32      0      0      0      0      0
-45.04 -21.14    0.1      0    0.8    3.6    0.9      0    0.4    0.2    0.5    2.9    4.4    5.9    1.9    1.9      0      0      0      0      0      0      0      0      0      0      0      0      0      0      0      0   1.55      0      0      0      0      0      0   1.84      0      0      0      0      0      0      0
-46.32 -20.67      0      0    1.2    4.7    0.6      0    0.2    0.3    0.6    2.8    4.3    4.6    2.7    2.9      0      0      0      0      0   2.84      0      0      0      0      0      0      0      0      0      0   3.39      0      0      0      0   0.83      0   0.84      0      0      0      0      0      0      0
-49.18  -20.3      0      0    4.8    8.9    0.3      0      0    0.2    0.6    1.5    2.2    2.2    1.7    1.7      0      0      0      0   0.36  10.31      0      0      0      0      0      0      0      0      0    0.2   0.41      0      0      0      0   1.28      0      0      0      0      0      0      0      0      0
-45.67 -21.59    0.1      0    2.3    6.3    1.3      0      0    0.1    3.2    6.2    7.3    7.6    5.7    5.2      0      0      0    0.3   0.89  10.73      0   0.26      0      0      0      0      0      0      0   1.26   5.54      0      0      0   0.31   8.91      0   0.59      0   0.45      0      0      0      0      0
-48.18 -21.02      0      0    6.5   13.1      1      0    0.1    0.2    2.5    4.8    5.9    5.7    4.4    4.3      0      0      0   0.51   0.32    4.1      0      0      0      0      0      0      0      0      0   2.82   3.31      0      0      0      0   3.48      0      0      0   0.34      0      0      0      0      0
-45.49 -21.61    0.1      0    1.3    4.8    0.7      0      0    0.1    3.3    5.6    8.1    7.5    5.3    5.5      0      0      0   0.57      0   3.75      0      0      0      0      0      0      0      0      0   0.77   5.01      0      0      0      0   4.41      0   1.36      0      0      0      0      0      0      0
-48.55    -20      0      0    1.5    4.1    2.1      0    0.5      0    0.2    0.9    1.2    1.9    0.8      1      0      0      0      0      0   5.15   0.31      0      0      0      0      0      0      0      0      0   1.16      0      0      0      0   1.24      0      0      0      0      0      0      0      0      0
-51.65    -26      0   14.7    2.2    2.8    0.4    0.2    0.3    7.5    7.2     12   19.2   21.8   13.6    9.1      0  21.36  10.93     35     35   0.22      0      0      0      0      0      0      0      0   4.17      0      0      0      0      0  20.19  30.41   0.64      0   6.68      0      0   5.07   5.07   5.07   5.07
   -52 -25.78    0.3     16    0.8    1.6    0.5    0.3    0.3      8    4.5    8.9   18.4   20.5   15.3   10.5   0.88  21.82  10.27  26.97  29.62      0      0      0      0      0      0      0      0      0   2.13      0      0      0      0      0  31.85  26.41   0.32      0   4.98      0      0   3.34   3.34   3.34   3.34
-53.48 -25.53    0.1     21      1    2.2    0.4    0.2    0.3      4    1.9    5.5   11.2   13.5    8.7    6.5      1  19.54  11.41     36  31.18      0      0      0      0      0      0      0      0      0   0.38      0      0      0      0      0  26.86  28.05   0.45      0    7.1   0.93      0   0.36   0.36   0.36   0.36
-51.74 -25.49    0.2   10.6    2.1    3.6    0.3    0.2    0.1    5.7    4.8   12.8   20.5   20.2   13.6    7.7   0.19  23.17  17.91     36  28.48      0      0      0      0      0      0      0      0      0      0      0      0      0      0      0   7.71  27.73      0      0   9.26      0      0   2.24   2.24   2.24   2.24
-51.08 -26.23      1    8.9    4.4    5.2    0.4    0.5    0.6    8.1    9.1   15.5   14.4   13.6    8.1    8.4      0     22   8.22     22     22   0.43      0      0      0      0      0      0      0      0     22      0      0      0      0   0.97     22     22   3.63      0   4.65   0.78      0   3.67   3.67   3.67   3.67
-53.74 -24.19    0.1   21.2    2.8    4.8    0.1      0    0.1    1.1    1.7    3.8    8.8    8.1    6.6    3.2      0  12.15  10.55     25     25      0      0      0      0      0      0      0      0      0      0      0      0      0      0      0   0.81  23.03      0      0   0.71      0      0    1.2    1.2    1.2    1.2
-54.56 -22.97      0   17.9    1.5    3.8      0      0      0    0.4    0.4    0.6    4.1    3.4    2.9    0.6      0   5.64  11.82   8.65     30      0      0      0      0      0      0      0      0      0      0      0      0      0      0      0   0.62      0   4.06      0      0      0      0      0      0      0      0
-54.58 -25.42      0   18.2    3.9    4.7      0      0      0    0.7    0.8    1.6    4.9      5    3.6    1.7   0.22  11.68  13.91  15.47     22      0      0      0      0      0      0      0      0      0      0      0      0      0      0      0   1.13   7.42   0.58      0      0    0.2      0      0      0      0      0
-53.53 -22.38      0     21    4.3   13.9      0      0      0    0.2    0.9    1.7    2.7    3.5      4    2.3      0   1.03      0   1.31     21   2.74      0      0      0      0      0      0      0      0      0      0      0      0      0      0      0      0   4.67      0      0      0      0      0      0      0      0
-53.17 -23.18    0.4   16.1    8.2   12.1    0.1    0.1    0.1    1.3      4    7.8   10.9   10.9    7.5    5.8      0  10.03   4.31  18.25     24   0.36      0      0      0      0      0      0      0      0      0   2.45      0      0      0      0      0  20.92      0      0   0.51      0      0   0.87   0.87   0.87   0.87
-48.54 -17.99      0      0      0    0.2      0    0.5      0      0      0      0    0.1    0.4    0.3    0.2      0      0      0      0      0   1.14   0.93      0      0      0      0      0      0      0      0      0      0      0      0      0      0      0      0      0      0      0      0      0      0      0      0
-48.67 -16.15      0      0      0    0.1    0.1      0      0      0      0      0      0    0.7    0.9    0.2   0.26      0      0      0      0   1.23   0.61      0      0      0      0      0      0      0      0      0      0      0      0      0      0      0      0      0      0      0      0      0      0      0      0
-47.98 -18.45      0      0    0.1    1.1    0.8      0    0.7      0    0.1    0.3    0.4      1    0.4    0.3      0      0      0      0      0      0   0.33      0      0      0      0      0      0      0      0      0      0      0      0      0      0      0      0      0      0      0      0      0      0      0      0
 -49.1 -18.42      0      0    0.1    0.4    0.8      0      0      0      0    0.1    0.2    0.4    0.2    0.1      0      0      0      0      0   2.15   1.03      0      0      0      0      0      0      0      0      0      0      0      0      0      0      0      0      0      0      0      0      0      0      0      0
 -47.7 -19.13      0      0    0.5    1.6    3.1      0    0.7      0    0.1    0.3    0.5    0.9    0.3    0.4      0      0      0      0      0   0.31    0.4      0      0      0      0      0      0      0      0      0   0.28      0      0      0      0      0      0      0      0      0      0      0      0      0      0
-50.16 -18.07      0      0    0.1    0.3      0      0      0      0    0.1    0.2    0.4    0.5    0.5    0.6      0      0      0      0   0.22  11.18   1.97      0      0      0      0      0      0      0      0      0      0      0      0      0      0      0      0      0      0      0      0      0      0      0      0
-47.68 -18.05      0      0      0    0.3    0.1      0      0      0    0.1    0.1    0.1    1.1    0.6    0.3      0      0      0      0      0      0      0      0      0      0      0      0      0      0      0      0      0      0      0      0      0      0      0      0      0      0      0      0      0      0      0
 -50.5 -19.02      0      0    0.7    1.3    0.4      0      0      0    0.1    0.5    0.7    1.1    0.6    0.5      0      0      0      0      0   7.39   0.62      0      0      0      0      0      0      0      0      0      0      0      0      0      0      0      0      0      0      0      0      0      0      0      0
-50.52 -22.94      0    1.2    4.3    9.9    0.2      0    0.1    0.6    3.8    6.9    8.4    6.5    5.3    6.5      0      0   0.84   7.65   2.12  10.36   0.54      0      0      0      0      0      0      0      0   2.14      0      0      0      0      0  11.86      0      0      0      0      0   0.37   0.37   0.37   0.37
-51.33 -22.65      0    6.6    7.2   14.4    0.1    0.1    0.2    1.4    4.2    8.3      9    9.5    6.5      7      0   7.88  14.71  19.87  19.58   2.17      0      0      0      0      0      0      0      0      0   19.6      0      0      0      0      0  20.77      0      0      0      0      0   0.48   0.48   0.48   0.48
-49.73 -23.01    0.1    3.1    4.9    7.7    0.2    0.1    0.2    2.3    5.8   10.1   12.6   11.3    6.6    7.3      0   3.56  11.84     28  25.21   1.43    0.3      0      0      0      0      0      0      0      0    9.1      0      0      0      0      0     28      0      0      0   0.35      0   0.47   0.47   0.47   0.47
-49.23 -23.22      0    1.3    4.4    7.8    0.2    0.1    0.2    1.8    5.6    8.4   11.5   10.1    6.2    6.8      0   0.72   13.6  19.36  21.82    3.4   0.78      0      0      0      0      0      0      0   3.27  10.62   0.23      0      0      0      0     24      0      0      0   0.48      0      0      0      0      0
-50.71 -24.06    0.5   10.5    5.7    8.1    0.4    0.2    0.3    2.9    6.8   12.9   13.9   11.8    6.7    6.5      0  16.56  11.14     29  24.91   0.36      0      0      0      0      0      0      0      0   1.19  12.63      0      0      0      0      0     29      0      0   0.78   1.08      0   1.13   1.13   1.13   1.13
-52.87  -22.5      0   13.2    6.6     26    0.1      0    0.1    0.6    2.9    6.3    7.1    8.4    6.4    6.6      0   5.06   1.29  11.39     26   1.64      0      0      0      0      0      0      0      0      0   1.62      0      0      0      0      0  12.04      0      0      0      0      0      0      0      0      0
-47.33 -16.21      0      0      0    0.1    0.1      0      0    1.2    0.1      0      0    0.6    0.7    0.1      0      0      0      0      0      0      0      0      0      0      0      0      0      0      0      0      0      0      0      0      0      0      0      0      0      0      0      0      0      0      0
-44.76 -18.95      0      0    0.3    1.9    0.4      0    2.1      0    0.1    1.2    1.6    3.7    1.4    0.7      0      0      0      0      0      0      0      0      0      0      0      0      0      0      0      0   2.22      0      0      0      0      0      0    0.7      0      0      0      0      0      0      0
-44.86 -15.93      0      0      0    0.1      0      0      0    0.4      0      0      0    0.4    1.1    0.4      0      0      0      0      0      0      0      0      0      0      0      0      0      0      0      0      0      0      0      0      0      0      0      0      0      0      0      0      0      0      0
-45.07 -16.37      0      0      0    0.6    0.1      0      0      0    0.1    0.3    0.4    2.2    1.5    0.7      0      0      0      0      0      0      0      0      0      0      0      0      0      0      0      0   0.28      0      0      0      0      0      0      0      0      0      0      0      0      0      0
-45.27 -18.16      0      0    0.6    2.9    0.4      0    0.5      0    0.2    1.2    1.6    4.3    1.4    1.1      0      0      0      0      0      0      0      0      0      0      0      0      0      0      0      0   0.89      0      0      0      0   0.21      0    0.7      0      0      0      0      0      0      0
-43.83 -11.35      0      0      0      0      0      0      0      0      0      0      0      0    0.1      0      0      0      0      0      0      0      0      0      0      0      0      0      0      0      0      0      0      0      0      0      0      0      0      0      0      0      0      0      0      0      0
-48.55 -22.52      0    0.3    7.4     13    0.5    0.1    0.1    0.6      4      6    8.5    7.1    5.5    5.6      0      0   1.38  13.03   2.99   2.24   0.69      0      0      0      0      0      0      0   0.22  12.72   1.19      0      0      0      0   7.14      0      0      0   0.66      0      0      0      0      0
-46.91 -23.46    0.1    0.1    9.1   10.1    0.4    0.2    0.3    0.6    5.7    9.5   13.6   10.1    7.9    6.5      0      0    7.3   22.8   1.28   1.84   0.78      0      0      0      0      0      0      0      0  11.55   0.41      0      0      0      0   5.85      0      0      0      0      0      0      0      0      0
-48.99 -21.76      0    0.2    6.4   13.7    0.4    0.1    0.1    0.5    4.1    5.7    9.5    6.9    5.3    5.6      0      0      0   0.64      0   4.54   0.51      0      0      0      0      0      0      0      0   1.87   0.58      0      0      0      0   7.37      0      0      0      0      0      0      0      0      0
 -50.2 -21.12      0    0.3    7.3   13.6    0.2      0      0    0.1    2.7    4.3    5.5    5.8    3.2    3.5      0      0      0      0      0  10.08    0.6      0      0      0      0      0      0      0      0      0      0      0      0      0      0   7.18      0      0      0      0      0      0      0      0      0
 -48.3  -13.4      0      0      0      0      0      0      0      0    0.1      0    0.1    0.5    0.4    0.1   0.67      0      0      0   0.51   0.48   0.61      0      0      0      0      0      0      0      0      0      0      0      0      0      0      0      0      0      0      0      0      0      0      0      0
 -51.2 -27.78    0.5   17.9      1    0.1      1    2.7    5.2    7.7    5.9    4.4    9.8    7.7   14.1    5.2   4.31   6.93      0    0.3  20.61   0.68      0      0      0      0      0      0      0   8.64     19      0      0      0   3.04   0.92     31   0.32   0.38      0  22.24   7.01      0  19.64  19.64  19.64  19.64
-51.33  -27.6      0   15.4    0.6    0.6    0.9      1    3.5    4.4    8.3    6.3   14.4   13.3   15.1    8.9    1.2  14.59    2.8   0.72  17.54   0.22      0      0      0      0      0      0      0    2.8     30      0      0      0   0.46   1.18     30   3.83    7.5      0  17.18   9.25      0  17.95  17.95  17.95  17.95
-53.04 -27.14      0   35.8      1    0.7    1.1    0.7    2.2      5    1.8    3.1    7.1    6.5   11.4    4.8   3.77  13.26   9.06    2.6  27.64   0.31      0      0      0      0      0      0      0  17.65  27.27      0      0      0      0    0.2  17.33   5.55     36      0  15.55      0      0   1.88   1.88   1.88   1.88
-52.38 -27.27    0.1     27    1.2    0.6    0.9    1.1    2.6    8.1    4.6    5.2   10.4   10.8   14.1    7.7   1.86  14.98   5.48   2.29  23.77   0.33      0      0      0      0      0      0      0   6.94  26.28      0      0      0      0   0.49     32   3.12     26      0  10.32   1.82      0  20.57  20.57  20.57  20.57
-51.78 -27.52    1.1   25.9      1    0.7    0.7    1.8    3.4    6.9    3.8    3.9    7.6    7.5   12.4    5.6   4.25   6.63   0.33   0.54  18.88      0      0      0      0      0      0      0      0  18.27  23.38      0      0      0   1.29   0.28   35.4    0.4   3.57      0  20.97   0.82      0  21.22  21.22  21.22  21.22
-52.73 -27.35    0.3     29    0.2      0    1.2    2.3    4.4    5.9    1.7    1.7    6.3    3.9   10.3    2.9   5.86   5.33   0.31   0.22   17.8      0      0      0      0      0      0      0      0  31.17  28.84      0      0      0   1.27   0.77  27.35      0   24.2      0   17.1      0      0   24.2   24.2   24.2   24.2
-52.54 -26.66      0   25.3    0.6      1    0.7    0.4    0.7    4.8    2.3    3.6    9.3   10.3   10.1    8.1   0.95  17.87  12.32   10.1   28.2    0.3      0      0      0      0      0      0      0    0.7   6.02      0      0      0      0      0   32.7  19.71   5.75      0   7.88   0.52      0   2.83   2.83   2.83   2.83
-55.05 -28.14    0.6     32      0      0    1.2    1.5    4.6    1.2    0.3    0.4    1.2    1.1    2.3      1   2.97   0.74      0      0   5.83      0      0      0      0      0      0      0      0     32   1.52      0      0      0    8.4   5.24  25.02      0   0.96      0  18.33      0      0     32     32     32     32
-51.87 -18.68      0      0    3.4    5.2    0.6      0      0      0    0.2    0.8    1.3    1.5    0.4    0.8      0      0      0      0   5.63    6.6   1.15      0      0      0      0      0      0      0      0      0      0      0      0      0      0      0      0      0      0      0      0      0      0      0      0
-50.76 -19.16      0      0    2.3    8.3      0      0      0      0    0.2    0.7    1.1    1.3    0.4    0.8      0      0      0      0   1.33   1.63   1.46      0      0      0      0      0      0      0      0      0      0      0      0      0      0      0      0      0      0      0      0      0      0      0      0
-50.64 -19.12      0      0    0.6    0.8      0      0      0      0    0.1    0.3    0.7    0.8    0.3    0.7      0      0      0      0      0   4.53   1.43      0      0      0      0      0      0      0      0      0      0      0      0      0      0      0      0      0      0      0      0      0      0      0      0
-51.35  -20.4      0    0.3    5.9    5.5    0.1      0      0      0    0.6    1.4    2.2    2.5    0.8    1.1      0      0      0      0    2.1  10.06   1.55      0      0      0      0      0      0      0      0      0      0      0      0      0      0   4.62      0      0      0   0.56      0      0      0      0      0
-51.63 -20.86      0    0.9    9.4     14      0      0      0      0    0.6    2.6    2.4    2.9    1.1      1      0      0      0      0   3.88  10.35   1.41      0      0      0      0      0      0      0      0      0      0      0      0      0      0      1      0      0      0   0.89      0      0      0      0      0
-53.18 -20.06      0    1.3    5.7    6.3      0      0      0      0    0.5    1.7    1.7    1.6      1    0.6      0      0      0   0.31   1.32  16.09   0.94      0      0      0      0      0      0      0      0      0      0      0      0      0      0   0.76      0      0      0    0.9      0      0      0      0      0
-52.87 -21.66      0    9.2    8.2   17.8      0      0      0    0.1    1.5    4.9    3.2    3.5      4    3.6      0      0   0.65   0.76   6.03   18.4   0.87      0      0      0      0      0      0      0      0      0      0      0      0      0      0      0   1.91      0      0   1.82      0      0      0      0      0
-52.91 -22.46      0    5.8     16     21      0      0      0    0.2    2.7    5.9    5.6    5.8    4.7    5.1      0      0   0.37   2.95   2.19  17.98   0.83      0      0      0      0      0      0      0      0      0      0      0      0      0      0   8.33      0      0      0   0.25      0      0      0      0      0
 -50.8 -13.69      0      0    0.6    0.2      0    0.5    0.5      0    0.1    0.1    0.1    0.2    0.2    0.2      0      0      0      0   0.88   2.48   1.39      0      0      0      0      0      0      0      0      0      0      0      0      0      0      0      0      0      0      0      0      0      0      0      0
-49.26  -8.27      0      0      0      0    0.1      0      0    0.2    0.2    0.2    0.2    0.6    0.5    0.3      0      0      0      0   0.64    1.3      0      0      0      0      0      0      0      0      0      0      0      0      0      0      0      0      0      0      0      0      0      0      0      0      0
-48.37  -9.76      0      0      0      0      0      0      0      0      0      0      0      0    0.1      0      0      0      0      0      0      0      0      0      0      0      0      0      0      0      0      0      0      0      0      0      0      0      0      0      0      0      0      0      0      0      0
-47.39  -9.31      0      0      0      0      0      0      0    0.1      0      0    0.1    0.3    0.4    0.1      0      0      0      0      0      0      0      0      0      0      0      0      0      0      0      0      0      0      0      0      0      0      0      0      0      0      0      0      0      0      0
-47.48  -7.33      0      0      0      0      0      0      0    0.2    0.1    0.2    0.2    0.1    0.3    0.1      0      0      0      0      0      0      0      0      0      0      0      0      0      0      0      0      0      0   0.22      0      0      0      0      0      0      0      0      0      0      0      0
-49.65  -3.83      0      0      0      0    0.1    0.1    0.1    0.1    0.3    0.1    0.1    0.1    0.1      0      0   0.36   0.44   0.24      0      0      0      0      0      0      0      0      0      0      0      0      0      0      0      0      0      0      0      0      0      0      0      0      0      0      0
-51.67 -29.07    0.7   20.5    0.4      0    0.8    2.9      7    3.5    1.8    1.7    5.7    3.2    8.3    2.7    5.4   4.37      0   0.77  14.93    0.4      0      0      0      0      0      0      0   24.6   3.14      0      0      0   6.93   2.44     37      0      0      0  33.09      3      0  10.25  10.25  10.25  10.25
-51.39 -29.01    0.4   19.5    0.5      0      1    1.9    7.1    6.7    3.2    2.4    6.7    3.9    8.4    2.9    3.4   4.53      0   0.44  18.27   2.45   0.22      0      0      0      0      0      0     30   3.12      0      0      0   5.28   3.08     30      0      0      0     30    0.5      0  11.67  11.67  11.67  11.67
-53.28 -29.45      1     34      0      0    1.9    3.3    6.9      2    0.5    0.6    1.6    1.1    2.8    1.2    4.5   0.34      0      0   6.43    0.6      0      0      0      0      0      0      0     34      0      0      0      0   4.02   23.4  16.47      0      0      0  28.97      0   3.37  16.68  16.68  16.68  16.68
-52.54 -28.56      1   28.7    0.4    0.1    1.1    2.9    5.5    6.7    1.8    1.9    6.4    4.7   11.8    3.3   4.65   3.61      0      0  15.52      0      0      0      0      0      0      0      0   33.6  10.57      0      0      0   3.69   1.85     39      0   4.43      0  26.95   0.75      0  27.69  27.69  27.69  27.69
-53.19 -29.02    0.6     35      0      0    1.2    2.3    5.4      4    1.4    1.3    3.9    3.8    7.3    2.4   3.26    1.9      0      0  11.22    0.2      0      0      0      0      0      0      0     35   1.92      0      0      0   5.47   2.38     35      0   1.08      0     35   1.01   1.57  22.06  22.06  22.06  22.06
-48.87 -25.14    1.4    5.4    7.3    8.2    0.6    0.3    0.4    3.4    7.5   10.5   13.9   11.3    5.8    6.3      0  12.59  15.32     31  21.89   0.42      0      0      0      0      0      0      0      0  19.14   0.43      0      0      0   2.77   1.16  25.82   0.26      0   0.43   0.79      0      0      0      0      0
-49.52 -27.14    0.4   12.6    1.9    0.8    0.7    1.4    3.4      7    8.6    7.1   14.4   13.4   10.4   10.2   0.24  15.73   6.91   1.58  17.63      0      0      0      0      0      0      0      0   0.58     30   0.34      0      0      0   1.11     30   7.55   8.48   0.72   7.33   3.77      0  11.88  11.88  11.88  11.88
-69.12  -12.6      0      0    0.2      0    0.1    0.2    0.2    0.4    0.9    1.6    1.7      1    0.7    0.8   2.64     24   5.72   0.35   1.38   7.32    0.6      0      0      0      0   0.57   0.25      0      0      0      0      0      0      0      0      0   2.35   0.22   0.23   0.58   0.67   0.53   0.53   0.53   0.53
-59.46 -10.16      0      0      0      0      0      0      0    0.2    0.6    0.5    0.3    0.2    0.1    0.1      0      0   0.68    0.7   1.39     34   0.38      0   0.38      0      0      0      0      0      0      0      0      0      0   2.02      0      0      0      0      0      0      0      0      0      0      0
-65.35 -10.73      0    1.4    0.4      0      0      0      0    1.4    2.6    0.2    0.4    0.4    0.2    0.2    1.9   5.21   0.68      0   2.06   1.68      0      0      0      0      0      0      0      0      0      0      0      0      0   0.84      1   3.18      0      0      0      0      0   0.23   0.23   0.23   0.23
-58.96 -15.12      0      0    0.3      0      0      0      0    0.1    0.2    0.5    0.2    0.1    0.1    0.1      0    4.8      0  13.72   0.87   5.15      0      0      0   0.78      0      0      0      0      0      0      0      0      0   0.31      0      0      0      0      0      0      0      0      0      0      0
-64.65  -9.25      0      0    0.1      0    0.1    0.1    0.1    0.9    2.5    1.2      1    0.6    0.3    0.5   1.33  19.84   3.41   0.22   1.22   4.46   0.47      0      0      0      0      0      0      0      0      0      0      0      0   1.19      0   0.93      0   0.38      0      0      0      0      0      0      0
-64.43 -12.43      0    1.5    3.6    0.1    0.2      0      0    0.2    0.3    0.3    0.1    0.1      0    0.1   0.62   5.17   0.47   0.34   2.03   4.62      0      0      0      0      0      0      0      0      0      0      0      0      0   4.37   0.39   2.21      0      0      0   0.38      0      0      0      0      0
 -60.7 -11.99      0      0      0      0      0      0      0    0.7    0.5    0.6    0.6    0.1    0.2    0.2      0   0.87   0.49   2.25      0  11.36   0.21      0   0.76      0      0      0      0      0      0      0      0      0      0   3.55      0      0      0      0      0      0      0      0      0      0      0
-63.45  -8.75      0      0      0    0.1      0      0    0.1    0.2    2.8    1.4    0.7    0.3    0.2    0.2      0    1.7   1.39      0      0  10.83   1.89   1.85      0      0      0      0      0      0      0      0      0      0      0     28      0      0      0      0      0      0      0      0      0      0      0
-63.97  -8.87      0      0    0.7    1.4    0.1      0    0.1    1.9    1.4    0.9    0.5    0.5    0.3    0.2      0  13.73    7.3      0      0   2.16   2.81   0.92      0      0      0      0      0      0      0      0      0      0      0  18.76      0   0.53      0   0.53    0.4      0      0      0      0      0      0
   -52  -6.74      0      0      0      0    0.1      0    0.1    0.1    0.1    0.1    0.1    0.2    0.2    0.1      0      0      0   0.34    3.6   4.66   0.35      0      0   0.57      0      0      0      0      0      0      0      0   0.28      0      0      0      0      0      0      0   0.28      0      0      0      0
-51.77  -6.75      0      0      0      0    0.1    0.3    0.7    0.2    0.3    0.1    0.2    0.2    0.3    0.1      0    0.6   0.66    1.1   1.28      0      0      0      0      0      0      0      0      0      0      0      0      0   0.27      0      0      0      0      0      0      0      0      0      0      0      0
-51.91  -3.41      0      0      0      0      0    0.3    0.4    0.4    0.2    0.3    0.3    0.3    0.5    0.2   0.22      0      0   1.23   5.84   1.41   0.36      0      0      0    0.3      0      0      0      0      0      0      0   0.39      0      0      0      0      0      0      0      0      0      0      0      0
-55.77 -10.98      0      0      0      0    0.6      0      0    0.4    0.1    0.2    0.1    0.1    0.1    0.1      0      0      0      0   3.71  14.23   0.23      0      0   0.89      0      0      0      0      0      0      0      0      0      0      0      0      0      0      0      0      0      0      0      0      0
-57.04  -9.19      0      0      0      0      0      0    0.3    0.5    0.7    0.6    0.5    0.7    0.5    0.4      0      0      0   2.08  15.11  16.04   0.27      0    0.3   0.62      0      0      0      0      0      0      0      0   1.38   0.64      0      0      0      0      0      0      0      0      0      0      0
-42.57 -16.74      0      0      0    0.1    0.1      0      0      0      0      0    0.2    0.7      1    0.3      0      0      0      0      0      0      0      0      0      0      0      0      0      0      0      0      0      0      0      0      0      0      0      0      0      0      0      0      0      0      0
-39.59 -15.97    0.5    0.1      0    0.2    0.2    0.1      0      0      0    0.1    0.8    0.7    2.2    0.9      0      0      0      0      0      0      0      0      0      0      0      0      0      0      0      0   0.21   0.36      0      0      0      0      0      0      0      0      0      0      0      0      0
-59.47  -1.92    0.2    0.1    0.5    0.1    0.1    0.4      1    1.4      1    0.5    0.8    1.2    2.8    0.8      0      0      0      0      0      0      0      0      0      0      0      0      0      0      0      0      0      0      0      0      0      0      0      0      0      0      0      0      0      0      0
 -54.3  -2.82      0      0      0      0      0    0.3    0.6    0.2    0.1    0.5    0.6    0.7    0.4    0.5      0      0      0      0   0.28      0      0      0      0      0      0      0      0      0      0      0      0      0      0      0      0      0      0      0      0      0      0      0      0      0      0
-52.52  -0.65    0.2    0.1      0      0      0    0.2    0.3    0.1      0    0.2    0.3    0.3    0.4    0.2      0      0      0      0      0      0      0      0      0      0      0   0.37      0    2.2   0.92      0      0      0      0      0      0      0      0      0      0      0      0      0      0      0      0
 -51.2   0.86    0.1    0.3      0      0      0    0.2    0.3    0.1    0.1    0.1    0.4    0.3    0.7    0.5      0      0      0      0      0      0      0      0      0      0      0   0.63      0    3.5      0      0      0      0      0      0      0      0      0      0      0      0      0   0.36   0.36   0.36   0.36
-43.57  -6.75      0      0      0      0      0      0      0    0.1    0.1    0.1    0.1      0    0.1    0.1      0      0      0      0      0      0      0      0      0      0      0      0      0      0      0      0      0      0      0      0      0      0      0      0      0      0      0      0      0      0      0
-54.83 -17.09      0      0    2.9    1.1    2.2      0      0      0    0.1    0.2    0.3    0.2    0.2    0.2      0      0      0      0   2.58   1.67   0.63      0      0      0      0      0      0      0      0      0      0      0      0      0      0      0      0      0      0      0      0      0      0      0      0
-58.73 -15.24      0      0    0.2      0      0      0      0    2.9    1.2    0.3    0.1      0      0      0      0    4.3      0   8.45   1.96   6.18      0      0      0   1.11      0      0      0      0      0      0      0      0      0   0.33      0      0      0      0      0      0      0      0      0      0      0
-55.78 -14.87      0      0      0    0.3      0      0      0      0    0.1    0.1    0.1    0.1    0.1    0.1      0      0      0   0.39   5.18   7.19      0      0      0      0      0      0      0      0      0      0      0      0      0      0      0      0      0      0      0      0      0      0      0      0      0
-54.83 -17.61      0      0      3    0.2      0      0      0      0      0    0.2    0.3    0.3    0.1    0.1      0      0      0      0   2.21   2.27   0.46      0      0      0      0      0      0      0      0      0      0      0      0      0      0      0      0      0      0      0      0      0      0      0      0
   -39 -12.58    0.7    0.4    0.1    0.1    0.1    0.1    0.1      0      0      0      0      0      0    0.1      0      0   0.43   0.78      0      0      0   0.54      0      0      0      0      0      0      0      0      0      0      0      0      0      0      0      0      0      0      0      0      0      0      0
 -40.2  -17.9    0.3      0      0    0.1    0.3    0.3    0.4    0.1    0.1    0.3    2.1      2    4.5    2.3      0      0      0      0      0      0      0      0      0      0      0      0      0      0      0      0   0.21    1.6      0      0      0      0      0      0      0      0      0      0      0      0      0
-41.72 -20.92    0.1      0      0      2    1.2      0    0.6      0    0.7    1.8      2    3.8      2    0.9      0      0      0      0      0      0      0      0      0      0      0      0      0      0      0      0   1.45      0      0      0      0      0      0      0      0      0      0      0      0      0      0
-42.85 -20.21    0.1      0    0.3      4      1      0    1.6    0.9    0.4      4    5.4   10.5    4.6    2.3      0      0      0      0      0      0      0      0      0      0      0      0      0      0      0      0   2.49      0      0      0      0      0      0      0      0      0      0      0      0      0      0
-42.85 -19.64      0      0      0    1.6    0.4      0    0.1      0    0.1    0.9    1.3      3    1.7    0.7      0      0      0      0      0      0      0      0      0      0      0      0      0      0      0      0   7.31   0.36      0      0      0      0      0      0      0      0      0      0      0      0      0
-42.66 -19.12      0      0      0      1    0.5      0      0      0    0.1    0.7      1    2.7    2.3    0.8      0      0      0      0      0      0      0      0      0      0      0      0      0      0      0      0   3.33   0.39      0      0      0      0      0      0      0      0      0      0      0      0      0
-40.92  -19.5    0.1      0      0      1    0.9      0      0      0    0.1    0.8    1.2    2.7    2.9      1      0      0      0      0      0      0      0      0      0      0      0      0      0      0      0      0   4.08      0      0      0      0      0      0      0      0      0      0      0      0      0      0
-45.87 -23.37      0      0    4.1    6.1    0.8    0.1    0.1    0.3    6.5   10.9   11.1   10.2      8      6      0      0   1.71   8.53   1.15   3.52   0.38      0      0      0      0      0      0      0      0   9.53   2.36      0      0      0      0   6.76   0.63   0.34      0      0      0      0      0      0      0
-46.03  -23.2      0      0    5.7    7.7      1    0.1      0    0.3    4.9      8      9    9.2    6.3    5.6      0      0   0.54  20.23   1.86   1.05   0.21      0      0      0      0      0      0      0      0  10.13   0.23      0      0      0      0   8.97      0      0      0    0.2      0      0      0      0      0
-44.57 -22.53    0.1      0    3.1    4.9    0.2    0.1      0    0.3      5    8.2   10.3    9.6    7.1    5.7      0      0   0.29   5.37   1.33   4.89      0      0      0      0      0      0      0      0      0   6.54   2.46      0      0      0   0.22   6.37      0      0      0   0.43      0      0      0      0      0
-43.84 -22.48    0.1      0    1.9    3.7    0.4      0    0.1    0.1    3.1    7.3    9.7    9.7    6.2    4.8      0      0      0      0      0   1.93      0      0      0      0      0      0      0      0      0    1.3   3.68      0      0      0      0   4.72      0      0      0   1.14      0      0      0      0      0
-43.54 -21.91    0.1      0    0.6    2.2    0.4      0      0      0    0.6    2.3    4.8    5.4    2.5    1.6      0      0      0      0      0      0      0      0      0      0      0      0      0      0      0      0   4.75      0      0      0      0   1.76      0   0.41      0   3.73      0      0      0      0      0
-43.36 -21.94      0      0    0.7    2.2    0.4      0      0      0    0.7    2.5    4.7    5.9    2.7    1.8      0      0      0      0      0      0      0      0      0      0      0      0      0      0      0      0   5.47      0      0      0      0   0.63      0      0      0   1.72      0      0      0      0      0
-42.58 -21.84    0.1      0    1.5    4.5    0.4      0    0.2    0.2    1.3    5.4    9.1   10.3      5    3.1      0      0      0      0      0      0      0      0      0      0      0      0      0      0      0   0.68   7.34      0      0      0      0   2.92   0.29   0.61      0   0.66      0      0      0      0      0
-43.83 -22.69      0      0    3.3    4.6    0.6    0.1    0.1    0.2    3.9    9.4   10.3   10.6      7    5.2      0      0   0.33   0.77   0.31   2.38      0      0      0      0      0      0      0      0      0   5.36   2.99      0      0      0      0      3   0.55      0      0      0      0      0      0      0      0
-53.67 -25.51    0.1   21.5    0.9    2.1    0.3    0.1    0.4    3.3    1.8    4.6   10.1     12    7.6    5.5   1.15  19.27  12.06     30   27.8      0      0      0      0      0      0      0      0      0   0.29      0      0      0      0      0  26.25  27.87   0.54      0   5.63   1.91      0   0.37   0.37   0.37   0.37
-42.41 -21.45      0      0    0.8    1.9    0.6      0    0.1    0.2    0.6    3.6    5.5    8.5    3.5      2      0      0      0      0      0      0      0      0      0      0      0      0      0      0      0      0   3.36      0      0      0      0      0      0      0      0      0      0      0      0      0      0
-64.66  -9.26      0      0    0.2      0    0.1    0.2    0.2    0.5    1.1    1.5    1.6    0.9    0.6    0.8    2.5   23.5    5.4    0.3    1.4    6.9    0.6      0      0      0      0    0.5    0.2      0      0      0      0      0      0    0.2      0    0.1      2    0.2    0.2    0.5    0.6    0.5    0.5    0.5    0.5
-51.77  -3.13      0      0      0      0      0    0.3    0.5    0.3    0.2    0.2    0.3    0.3    0.4    0.2    0.2      0      0      1    5.1    2.2    0.3      0      0    0.2    0.2      0      0      0      0      0      0      0    0.4      0      0      0      0      0      0      0    0.1      0      0      0      0
