-50.35 -19.89   0.00   0.00   1.20   9.20   0.00   0.00   0.00   0.00   0.00  10.42   9.31  18.12   8.89   0.00   0.00   7.68   0.00   0.00  14.88  26.18   2.94   0.00   0.00   0.00   0.00   0.00   0.00   0.00   0.00   0.00   0.00   0.00   0.00   0.00   1.91  19.50   9.29   1.22   0.00   0.00   0.00   0.00   0.00   0.00   0.00
-44.63 -21.28   0.00   0.00   0.41  12.13   0.00   0.00   0.00  10.45   0.00  16.73  19.37   9.92  11.42   1.26   0.00   4.42   0.60   0.21   0.00   0.54   0.51   0.00   0.00   0.00   0.00   0.00   0.00   0.00   0.00   0.00   0.00   0.00   0.00   0.00   0.40  30.83   7.45   8.32   1.61   0.00   0.00   0.00   0.00   0.00   0.00
-48.16 -20.25   0.00   0.00   1.51   7.17   0.00   0.00   0.00   0.00   0.00  13.34  12.79  19.54   8.04   0.19   0.00   4.27   0.17   0.00   8.78   7.17   3.12   0.00   0.00   0.00   0.00   0.00   0.00   0.00   0.00   0.00   0.00   0.00   0.00   0.00   1.23   9.89   6.41   2.03   0.00   0.00   0.00   0.00   0.00   0.00   0.00
-46.95 -21.60   0.00   0.00   1.22  10.07   0.32   0.00   0.00   3.89   0.00  16.08  16.61  21.26   8.23   0.17   0.00   3.39   1.34   0.00   6.36   7.86   2.05   0.00   0.00   0.00   0.00   0.00   0.00   0.00   0.00   0.00   0.00   0.00   0.00   0.00   2.64  26.97   4.65   1.78   0.30   0.00   0.00   0.00   0.00   0.00   0.00
-45.04 -21.14   0.00   0.00   0.60  14.88   0.57   0.00   0.00   1.67   0.00   8.04  21.66   5.95   9.02   0.00   0.00   4.02   0.35   0.00   0.00   0.52   1.22   0.00   0.00   0.00   0.00   0.00   0.00   0.00   0.00   0.00   0.00   0.00   0.00   0.00   0.00  20.59   9.33  10.96   1.38   0.00   0.00   0.00   0.00   0.00   0.00
-46.32 -20.67   0.00   0.00   2.51  16.35   0.21   0.00   0.00   6.74   0.00   6.91  16.87   8.75   7.31   0.00   0.00   3.59   0.48   0.00   3.25   5.93   4.12   0.00   0.00   0.00   0.00   0.00   0.00   0.00   0.00   0.00   0.00   0.00   0.00   0.00   0.95  17.23   9.30   6.86   1.91   0.00   0.00   0.00   0.00   0.00   0.00
-49.18 -20.30   0.00   0.00   2.04   8.64   0.22   0.00   0.00   0.56   0.00  10.66  10.38  19.46   9.04   0.18   0.00   5.67   0.27   0.00  10.45  15.97   2.46   0.00   0.00   0.00   0.00   0.00   0.00   0.00   0.00   0.00   0.00   0.00   0.00   0.00   5.33  13.06  11.27   1.53   0.00   0.00   0.00   0.00   0.00   0.00   0.00
-45.67 -21.59   0.00   0.00   2.77  11.04   0.33   0.00   2.25  12.70   0.00  17.03  15.52  17.75   9.61   0.17   0.00   3.11   0.84   0.00   3.05   4.53   4.16   0.00   0.00   0.00   0.00   0.00   0.00   0.00   0.00   0.00   0.00   0.34   0.00   0.00   6.88  28.00   7.07   3.67   1.99   0.00   0.00   0.00   0.00   0.00   0.00
-48.18 -21.02   0.00   0.00   4.93   8.27   0.51   0.00   1.52   1.44   0.00  16.34   4.97  20.03  15.29   0.39   0.00   5.35   2.51   0.00   5.89   7.92   2.60   0.00   0.00   0.00   0.00   0.00   0.00   0.00   0.00   0.00   0.00   0.00   0.00   0.00   4.51  29.98   6.36   2.06   0.00   0.00   0.00   0.00   0.00   0.00   0.00
-45.49 -21.61   0.00   0.00   2.30  12.37   0.41   0.00   0.00   7.03   0.00  25.20  18.83  16.52   7.55   0.16   0.00   3.55   0.39   0.00   2.34   2.62   4.28   0.00   0.00   0.00   0.00   0.00   0.00   0.00   0.00   0.00   0.00   0.00   0.00   0.00   3.33  32.00   5.09   4.32   2.39   0.00   0.00   0.00   0.00   0.00   0.00
-48.55 -20.00   0.00   0.00   1.07   6.31   0.00   0.00   0.00   0.00   0.00   3.25  20.44  14.07   6.25   0.37   0.00   4.55   0.31   0.00   6.93   5.46   5.73   0.00   0.00   0.00   0.00   0.00   0.00   0.00   0.00   0.00   0.00   0.00   0.00   0.00   0.86  15.65  19.42   5.31   1.33   0.00   0.00   0.00   0.00   0.00   0.00
-51.65 -26.00   0.37   9.68   0.00   0.00   0.00   0.00   2.76   0.00  35.00   0.00  18.58  10.59   0.00   0.00   0.00   1.16   0.00  12.44   6.52   2.65   0.00   0.00   0.00   0.00   0.00   0.28   0.00   0.00   0.00   0.00   7.73   0.28   0.00   4.53   3.36   0.58   0.20   1.36   0.00   0.00   0.00   0.00   0.00   0.00   0.00
-52.00 -25.78   0.00   8.48   0.00   0.00   0.00   0.89   1.74   0.00  37.00   0.00  12.61   7.33   0.00   0.00   0.00   0.26   0.00  15.77   2.63   3.47   0.00   0.00   0.00   0.00   0.00   0.00   0.00   0.00   0.00   0.33  21.43   0.41   0.00  10.52   3.65   0.00   0.00   0.49   0.00   0.00   0.00   0.00   0.00   0.00   0.00
-53.48 -25.53   0.00   9.32   0.00   0.00   0.00   0.61   1.05   0.00  22.99   0.00  16.50   5.90   0.00   0.00   0.00   0.00   0.00  18.79   2.96   1.21   0.00   0.00   0.00   0.00   0.00   0.00   0.00   0.00   0.00   1.40  23.07   9.66   0.00  12.42   5.73   0.00   0.00   0.00   0.00   0.00   0.00   0.00   0.00   0.00   0.00
-51.74 -25.49   0.00  12.23   0.00   0.27   0.00   0.00   1.64   0.00  30.74   0.00  15.94  24.78   0.00   0.00   0.00   0.00   0.00  21.37   3.33   3.94   0.00   0.00   0.00   0.00   0.00   0.00   0.00   0.00   0.00   0.00   5.47   1.46   0.00   9.18  15.58   0.22   0.00   0.85   0.00   0.00   0.00   0.00   0.00   0.00   0.00
-51.08 -26.23   2.20   5.81   0.00   0.00   0.00   1.34  16.41   0.00  22.00   0.30  16.94  22.00   0.48   0.00   0.00   1.26   0.49   5.51   5.73   3.28   0.00   0.00   0.00   0.00   0.00   0.00   0.65   0.00   0.00   0.00   2.12   0.23   0.00   4.34  16.05   0.33   0.00   3.99   0.29   0.46   0.26   0.00   0.00   0.00   0.00
-53.74 -24.19   0.00  10.58   0.45   0.67   0.00   0.00   0.40   0.00  12.97   0.70  25.00  25.00   0.00   0.00   0.00   0.00   0.00  25.00   2.38   3.34   0.00   0.00   0.00   0.00   0.00   0.00   0.00   0.00   0.00   0.79   7.06  24.20   0.00  16.82   9.92   0.53   0.00   0.00   0.00   0.00   0.00   0.00   0.00   0.00   0.00
-54.56 -22.97   0.00  12.41   0.00   1.06   0.00   0.00   0.31   0.00   8.38   4.91  24.85  13.95   0.00   0.00   0.00   0.00   0.00  30.00   3.98   6.45   0.00   0.00   0.00   0.00   0.00   0.00   0.00   0.00   0.00   0.00  10.54   1.18   0.00   1.41   2.82   0.71   0.00   0.00   0.00   0.00   0.00   0.00   0.00   0.00   0.00
-54.58 -25.42   0.00  10.90   0.41   1.62   0.00   0.00   1.39   0.21  17.00   4.01  22.00  13.78   0.68   0.00   0.00   0.00   0.00  22.00   5.88   2.19   0.00   0.00   0.00   0.00   0.00   0.00   0.00   0.00   0.00   2.42   6.63   7.20   0.00  10.74   8.80   1.66   0.00   0.00   0.00   0.00   0.00   0.00   0.00   0.00   0.00
-53.53 -22.38   0.00  19.91   0.00  10.25   0.00   0.00  10.44   1.33   3.23  19.80  12.28  21.00   6.60   0.00   0.00   0.00   0.00  21.00  13.10  11.66   0.00   0.00   0.00   0.00   0.00   0.00   0.00   0.00   0.00   0.00   3.52   0.00   0.00   1.69   9.21  10.72   0.00   0.00   0.00   0.00   0.00   0.00   0.00   0.00   0.00
-53.17 -23.18   0.00  15.76   0.80   6.56   0.00   0.00   3.06   0.00   9.12   5.80  24.00  24.00   0.38   0.00   0.00   0.53   0.00   7.25   9.74   2.66   0.00   0.00   0.00   0.00   0.00   0.00   0.00   0.00   0.00   0.00   0.97  16.95   0.00  19.24  16.68   3.94   0.00   0.00   0.00   0.00   0.00   0.00   0.00   0.00   0.00
-48.54 -17.99   0.00   0.00   0.00   0.44   0.00   0.00   0.00   0.00   0.00   0.00   0.00   0.45   4.02   2.17   0.23  12.08   0.34   0.00   2.39   2.80   0.34   1.65   1.14   0.00   0.00   0.00   0.00   0.00   0.00   0.00   0.42   0.00   0.00   0.00   0.00   4.42  22.83   4.78   5.16   0.78   0.23   0.00   0.00   0.00   0.00
-48.67 -16.15   0.00   0.00   0.00   0.39   0.00   0.00   0.00   0.00   0.00   0.00   0.00   0.60   7.29   2.60   0.62  15.00   0.96   0.28   1.81   2.11   0.52   2.46   1.16   0.00   0.00   0.00   0.00   0.00   0.00   0.00   0.98   0.00   0.00   0.00   0.00   1.85  23.99   9.44  10.76   0.87   0.50   0.00   0.00   0.00   0.00
-47.98 -18.45   0.00   0.00   0.00   2.99   0.00   0.00   0.00   0.00   0.00   0.00   2.02   2.30   6.37   0.00   0.63  14.28   0.00   0.30   2.67   3.15   4.00   0.73   1.77   0.00   0.00   0.00   0.00   0.00   0.00   0.00   0.00   0.00   0.00   0.00   0.00   8.39  19.05   4.56   2.26   0.52   0.00   0.00   0.00   0.00   0.00
-49.10 -18.42   0.00   0.00   0.00   1.22   0.00   0.00   0.00   0.00   0.00   0.00   4.02   4.97   7.99   0.00   0.95  10.90   0.00   0.00   6.03   3.97   7.88   0.35   0.46   0.00   0.00   0.00   0.00   0.00   0.00   0.00   0.00   0.00   0.00   0.00   0.30  10.46  17.27   3.86   1.62   0.25   0.00   0.00   0.00   0.00   0.00
-47.70 -19.13   0.00   0.00   0.28   7.75   0.00   0.00   0.00   0.00   0.00   0.33  17.70   6.56   7.97   0.00   0.66   7.11   0.00   0.25   2.87   2.22  17.10   0.00   0.63   0.00   0.00   0.00   0.00   0.00   0.00   0.00   0.00   0.00   0.00   0.00   0.00  14.10  23.05   2.84   2.25   0.00   0.00   0.00   0.00   0.00   0.00
-50.16 -18.07   0.00   0.00   0.32   1.39   0.00   0.00   0.00   0.00   0.00   0.32   9.26   7.23  12.20   0.00   1.61   2.47   0.22   0.00  22.86   2.64   6.83   0.31   0.37   0.00   0.00   0.00   0.00   0.00   0.00   0.00   0.34   0.00   0.00   0.00   1.26   3.41   4.06   1.37   1.00   0.58   0.00   0.00   0.00   0.00   0.00
-47.68 -18.05   0.00   0.00   0.00   0.77   0.00   0.00   0.00   0.00   0.00   0.00   0.00   0.00   6.14   0.70   0.34   5.31   0.00   0.00   2.15   0.84   0.21   2.36   0.94   0.00   0.00   0.00   0.00   0.00   0.00   0.00   0.00   0.00   0.00   0.00   0.00   2.28  26.00   1.78   2.71   0.83   0.00   0.00   0.00   0.00   0.00
-50.50 -19.02   0.00   0.00   0.47   1.86   0.00   0.00   0.00   0.00   0.00   1.39   4.57  14.30   6.42   0.00   1.57   3.74   0.00   0.00  17.36   6.97   9.48   0.19   0.00   0.00   0.00   0.00   0.00   0.00   0.00   0.00   0.00   0.00   0.00   0.00   2.60   6.79   9.05   1.95   1.78   0.57   0.00   0.00   0.00   0.00   0.00
-50.52 -22.94   0.00   2.38   0.66   8.13   0.23   0.00  10.45   8.90   0.00   7.03  17.90  23.00   9.79   0.00   0.00   2.61   1.26   0.00   7.93  23.00   0.00   0.00   0.00   0.00   0.00   0.00   0.00   0.00   0.00   0.00   0.00   2.47   0.00   0.53   8.73  23.00   0.00   0.00   0.00   0.00   0.00   0.00   0.00   0.00   0.00
-51.33 -22.65   0.00  11.03   0.00   5.43   0.00   0.00  16.93   9.35   1.35  10.73  25.00  25.00   7.18   0.00   0.00   3.13   0.23   0.46  14.46  15.33   0.00   0.00   0.00   0.00   0.00   0.00   0.00   0.00   0.00   0.00   0.00   4.50   0.00   2.97  22.68  14.98   0.00   0.54   0.00   0.00   0.00   0.00   0.00   0.00   0.00
-49.73 -23.01   0.00   8.58   0.00   7.95   0.44   0.00  27.12   7.14   1.21   7.98  10.62  28.00   5.77   0.00   0.00   7.45   1.84   0.00   9.84  12.28   0.00   0.00   0.00   0.00   0.00   0.00   0.00   0.00   0.00   0.00   0.00   4.03   0.00   1.71  19.99   4.79   0.00   0.89   0.52   0.00   0.00   0.00   0.00   0.00   0.00
-49.23 -23.22   0.00   1.31   0.00   8.64   0.31   0.00  24.00  13.12   0.54   9.05  12.63  24.00   7.49   0.00   0.00   5.52   4.54   0.00   4.41  13.96   0.00   0.00   0.00   0.00   0.00   0.00   0.00   0.00   0.00   0.00   0.00   2.56   0.00   0.30   8.86  13.61   1.35   2.64   1.80   0.32   0.00   0.00   0.00   0.00   0.00
-50.71 -24.06   0.00  15.30   0.00   2.91   0.00   0.00   9.46   0.00   8.00   7.21  22.05  29.00   1.49   0.00   0.00   3.49   1.58   3.16  11.23   5.17   0.00   0.00   0.00   0.00   0.00   0.00   0.00   0.00   0.00   0.00   0.70   3.94   0.00   3.30  14.49   0.95   0.00   1.62   0.00   0.00   0.00   0.00   0.00   0.00   0.00
-52.87 -22.50   0.00   9.17   0.00  22.37   0.00   0.00   8.31  11.53   3.11  12.37  26.00  19.58   6.86   0.00   0.00   0.51   0.00   4.35  10.41  10.19   0.00   0.00   0.00   0.00   0.00   0.00   0.00   0.00   0.00   0.00   0.00   6.68   0.00   6.89  26.00  16.31   0.00   0.00   0.00   0.00   0.00   0.00   0.00   0.00   0.00
-47.33 -16.21   0.00   0.00   0.00   0.00   0.00   0.00   0.00   0.00   0.00   0.00   0.00   0.00   5.01   5.03   2.37   3.96   0.00   0.00   0.00   1.14   0.00   1.37   0.77   0.00   0.00   0.00   0.00   0.00   0.00   0.00   0.00   0.00   0.00   0.00   0.00   0.00  21.00   5.00   6.75   2.01   0.00   0.00   0.00   0.00   0.00
-44.76 -18.95   0.00   0.00   0.00  12.86   0.35   0.00   0.00   1.80   0.00   0.98   5.08   0.00   2.46   0.46   0.00   2.69   0.58   0.00   0.00   0.95   4.01   0.00   0.31   0.27   0.00   0.00   0.00   0.00   0.00   0.00   0.00   0.00   0.00   0.00   0.00   8.96  17.83   8.21   5.51   0.00   0.00   0.00   0.00   0.00   0.00
-44.86 -15.93   0.00   0.00   0.00   0.00   0.00   0.00   0.00   0.00   0.00   0.00   0.00   0.00   0.33   0.68   4.04   0.00   0.00   0.00   0.00   0.00   0.00   0.00   0.68   0.00   0.00   0.00   0.00   0.00   0.00   0.00   0.00   0.00   0.00   0.00   0.00   0.00   9.61   4.62   5.79   1.39   0.24   0.00   0.00   0.00   0.00
-45.07 -16.37   0.00   0.00   0.00   1.73   0.00   0.00   0.00   0.29   0.00   0.00   0.32   0.00   1.54   0.94   3.22   2.35   0.22   0.21   0.43   1.05   1.46   0.52   1.68   0.00   0.00   0.00   0.00   0.00   0.00   0.00   0.00   0.00   0.00   0.00   0.00   1.16  12.71   3.66   2.48   0.61   0.00   0.00   0.00   0.00   0.00
-45.27 -18.16   0.00   0.00   0.22  12.63   0.00   0.00   0.00   0.29   0.00   0.93   9.84   1.58   8.08   0.00   0.00   5.49   0.00   0.00   0.65   1.70   3.72   0.00   0.69   0.00   0.00   0.00   0.00   0.00   0.00   0.00   0.00   0.00   0.00   0.00   0.00   6.18  22.19   6.46   3.20   0.00   0.00   0.00   0.00   0.00   0.00
-43.83 -11.35   0.00   0.00   0.00   0.00   0.00   0.00   0.00   0.00   0.00   0.00   0.00   0.00   0.00   0.00   0.52   0.00   0.00   1.01   0.00   0.00   0.00   0.00   0.00   0.00   0.00   0.00   0.00   0.00   0.00   0.00   0.00   0.00   0.00   0.00   0.00   0.00   0.00   1.01   1.00   1.32   0.53   1.90   0.00   0.00   0.00
-48.55 -22.52   0.00   0.00   1.02   6.15   0.77   0.00   6.75   9.15   0.00  14.54   7.19  23.00   6.28   0.00   0.00   1.84   3.30   0.00   1.11  11.37   1.42   0.00   0.00   0.00   0.00   0.00   0.00   0.00   0.00   0.00   0.00   0.00   0.00   0.00  10.68  20.55   2.00   2.34   0.47   0.00   0.00   0.00   0.00   0.00   0.00
-46.91 -23.46   0.00   0.00   0.52   2.94   1.54   0.00  14.43   6.50   0.00  20.54  14.96  26.00   6.44   0.00   0.00   1.34   3.95   0.00   0.00   2.60   3.87   0.00   0.00   0.00   0.00   0.00   0.00   0.00   0.00   0.00   0.00   0.00   0.00   0.00  13.51  19.01   5.57   7.54   2.34   0.00   0.00   0.00   0.00   0.00   0.00
-48.99 -21.76   0.00   0.59   2.81   5.15   0.00   0.00   6.49   0.40   0.00  22.12   2.68  24.05   9.78   0.00   0.00   3.62   1.86   0.00   4.75  15.26   0.70   0.00   0.00   0.00   0.00   0.00   0.00   0.00   0.00   0.00   0.00   0.00   0.00   0.00   7.68  29.00   1.41   1.75   0.32   0.00   0.00   0.00   0.00   0.00   0.00
-50.20 -21.12   0.00   0.00   4.01  13.64   0.00   0.00   0.00   0.00   0.00   5.77   7.89  17.36  13.13   0.00   0.28  10.05   0.24   0.00  11.41  24.65   0.84   0.00   0.00   0.00   0.00   0.00   0.00   0.00   0.00   0.00   0.00   0.00   0.00   0.00   2.48  29.50   1.15   0.86   0.00   0.00   0.00   0.00   0.00   0.00   0.00
-48.30 -13.40   0.00   0.00   0.00   0.31   0.00   0.00   0.00   0.00   0.00   0.00   0.00   1.50   2.58   2.94   2.65  12.06   2.62   1.44   2.56   1.95   0.00   0.00   1.44   0.00   0.00   0.00   0.00   0.00   0.00   0.00   0.31   0.00   0.00   0.00   0.00   2.68  19.59   7.73  10.00   4.55   0.74   0.00   0.41   0.00   0.00
-51.20 -27.78   0.72  18.72   0.00   0.00   0.00  31.00   5.13   0.00   8.91   0.00   0.49  11.88   0.52   0.96   0.00   0.00   0.44   5.23   7.44   1.27   0.22   0.00   0.00   0.00   0.00   9.05   4.94   0.00   0.00   3.83  17.86   0.00   0.38  31.00  15.90   0.51   0.00   0.37   0.00   0.00   0.00   0.00   0.00   0.00   0.00
-51.33 -27.60   1.99  15.11   0.00   0.00   0.00  30.00   7.55   0.00  16.17   0.00   1.58  13.35   0.31   0.00   0.00   0.00   0.68   2.81   7.09   1.01   0.00   0.00   0.00   0.00   0.00   2.15   1.91   0.00   0.00   3.59  20.61   0.00   0.00  22.20   8.49   0.50   0.32   0.84   0.00   0.28   0.29   0.00   0.00   0.00   0.00
-53.04 -27.14   0.00  17.77   0.00   0.00   0.00  36.00   0.92   0.00  27.50   0.00  12.15   6.87   0.00   0.00   0.00   0.00   0.00  19.92   5.61   0.82   0.00   0.00   0.00   0.00   0.00   0.00   0.00   0.00   0.00  17.04  36.00  16.33   2.23  31.08   0.95   0.00   0.00   0.00   0.00   0.00   0.00   0.00   0.00   0.00   0.00
-52.38 -27.27   0.51  15.11   0.00   0.00   0.00  32.00   4.84   0.00  32.00   0.00   4.79   9.09   0.21   0.00   0.00   0.00   0.00   8.71   3.16   1.39   0.00   0.00   0.00   0.00   0.00   4.38   0.92   0.00   0.00   7.07  26.89   4.04   2.36  26.50   2.69   0.00   0.34   0.24   0.00   0.00   0.00   0.00   0.00   0.00   0.00
-51.78 -27.52   0.00  20.05   0.00   0.00   0.00  37.00   3.67   0.00  14.09   0.00   1.46  13.22   0.00   0.38   0.00   0.00   0.00  13.68  12.45   0.66   0.00   0.00   0.00   0.00   0.00  20.61   1.02   0.00   0.00  12.75  19.66   0.80   5.32  31.27   4.68   0.00   0.00   0.00   0.00   0.00   0.00   0.00   0.00   0.00   0.00
-52.73 -27.35   0.00  15.53   0.00   0.00   0.00  32.00   0.89   0.00  14.39   0.00   9.10   8.01   0.00   0.00   0.00   0.00   0.00  21.89  10.09   0.26   0.00   0.00   0.00   0.00   0.71  16.95   1.36   0.00   0.00  19.85  32.00   8.11  18.75  32.00   1.29   0.00   0.00   0.00   0.00   0.00   0.00   0.00   0.00   0.00   0.00
-52.54 -26.66   0.00  10.94   0.00   0.00   0.00   8.98   4.43   0.00  37.00   0.00  19.31   6.46   0.00   0.00   0.00   0.00   0.00   5.51   0.42   1.43   0.00   0.00   0.00   0.00   0.00   0.00   0.00   0.00   0.00   1.22  37.00  14.75   0.00   9.69   1.92   0.00   0.00   0.00   0.00   0.00   0.00   0.00   0.00   0.00   0.00
-55.05 -28.14   0.00   5.53   0.00   0.00   0.00   8.33   0.00   0.00   4.33   0.00   7.95   1.80   0.00   0.00   0.00   0.00   0.00  32.00   3.58   0.00   0.20   0.00   0.00   0.00  32.00  26.15   0.79   0.00   0.00  32.00  12.95   0.60  27.96  20.75   0.82   0.00   0.00   0.00   0.00   0.00   0.00   0.00   0.00   0.00  27.83
-51.87 -18.68   0.00   0.00   2.80   2.51   0.00   0.00   0.00   0.00   0.00   0.53   2.19  18.87   6.46   0.00   0.38   2.86   0.22   0.00  28.00  10.37   1.76   0.43   0.00   0.00   0.00   0.00   0.00   0.00   0.00   0.27   1.24   0.00   0.00   0.00   6.79   2.82   4.43   0.00   0.00   0.00   0.00   0.00   0.00   0.00   0.00
-50.76 -19.16   0.00   0.00   1.02   2.31   0.00   0.00   0.00   0.00   0.00   0.66   2.74   7.55   6.54   0.00   0.31   4.22   0.00   0.00  29.00   9.32   4.07   0.00   0.00   0.00   0.00   0.00   0.00   0.00   0.00   0.41   0.27   0.00   0.00   0.00   7.25   3.93   7.11   0.00   0.00   0.00   0.00   0.00   0.00   0.00   0.00
-50.64 -19.12   0.00   0.00   1.12   2.25   0.00   0.00   0.00   0.00   0.00   0.66  17.24  10.01   5.58   0.00   1.24   1.67   0.29   0.00  22.51   5.16  14.15   0.18   0.00   0.00   0.00   0.00   0.00   0.00   0.00   0.00   0.21   0.00   0.00   0.00   5.77   5.74   5.53   0.00   0.00   0.00   0.00   0.00   0.00   0.00   0.00
-51.35 -20.40   0.00   0.00   1.81   9.72   0.00   0.00   0.00   0.28   0.00   3.98   9.76  10.15  11.64   0.00   0.51  10.06   0.00   0.00  21.52  16.58   1.35   0.00   0.00   0.00   0.00   0.00   0.00   0.00   0.00   0.00   0.00   0.00   0.00   0.30   4.01  14.16   2.58   0.00   0.00   0.00   0.00   0.00   0.00   0.00   0.00
-51.63 -20.86   0.00   0.33   0.90   8.17   0.00   0.00   0.00   0.22   0.00   2.90  11.15  12.14   8.76   0.27   1.11   3.37   0.00   0.00  23.00  13.38   0.00   0.00   0.00   0.00   0.00   0.00   0.00   0.00   0.00   0.00   0.00   0.00   0.00   0.78   4.63  10.88   0.70   0.00   0.00   0.00   0.00   0.00   0.00   0.00   0.00
-53.18 -20.06   0.00   0.27   1.15   6.80   0.00   0.00   0.00   0.00   0.00   3.56   3.56  12.75   4.89   0.67   2.38   1.05   0.00   0.26  23.00  23.00   0.00   0.00   0.00   0.00   0.00   0.00   0.00   0.00   0.00   0.00   0.00   0.00   0.00   1.36  10.33  11.84   0.00   0.00   0.00   0.00   0.00   0.00   0.00   0.00   0.00
-52.87 -21.66   0.00   1.75   0.00  19.00   0.00   0.00   0.70   1.36   0.00  19.00  12.43  19.00   9.15   0.00   0.54   0.31   0.00  14.35  19.00   7.89   0.00   0.00   0.00   0.00   0.00   0.00   0.00   0.00   0.00   0.00   0.00   0.00   0.00   6.14  19.00  19.00   0.00   0.00   0.00   0.00   0.00   0.00   0.00   0.00   0.00
-52.91 -22.46   0.00   1.94   5.15  18.74   0.00   0.00   0.00   3.34   0.35  14.28  21.00  14.60  11.22   0.00   0.79   2.36   0.00   1.38  21.00  14.60   0.00   0.00   0.00   0.00   0.00   0.00   0.00   0.00   0.00   0.00   0.00   0.26   0.00   4.43   6.88  21.00   0.00   0.27   0.00   0.00   0.00   0.00   0.00   0.00   0.00
-50.80 -13.69   0.00   0.00   0.89   0.52   0.00   0.00   0.00   0.00   0.00   0.98   3.53  14.53   6.57   0.00   1.59   1.33   0.52   0.29  16.36   6.88   2.84   0.29   0.25   0.00   0.00   0.00   0.00   0.00   0.00   0.24   0.31   0.00   0.00   0.00   1.20   7.09   5.62   0.95   1.54   1.01   0.00   0.00   0.00   0.00   0.00
-49.26  -8.27   0.00   0.00   0.00   0.00   0.00   0.00   0.00   0.00   0.00   0.75   0.61   2.69   5.85   2.04   1.15   3.46   0.89   2.14   2.08   1.11   0.55   0.00   0.00   0.00   0.00   0.00   0.00   0.00   0.00   0.00   0.00   0.00   0.00   0.00   0.90   5.10   7.80   9.24   8.97   3.95   0.84   0.29   0.00   0.00   0.00
-48.37  -9.76   0.00   0.00   0.00   0.00   0.00   0.00   0.00   0.00   0.00   0.00   0.00   0.00   1.61   1.97   4.47   5.83   0.00   1.29   0.00   0.00   0.00   0.00   0.56   0.00   0.00   0.00   0.00   0.00   0.00   0.00   0.00   0.00   0.00   0.00   0.00   1.20  13.08   6.99  10.44   3.88   1.86   2.83   0.00   0.00   0.00
-47.39  -9.31   0.00   0.00   0.00   0.00   0.00   0.00   0.00   0.00   0.00   0.00   0.00   0.00   0.97   0.51   2.75   3.36   0.00   0.00   0.00   0.00   0.00   0.00   0.00   0.00   0.00   0.00   0.00   0.00   0.00   0.00   0.00   0.00   0.00   0.00   0.00   0.00   0.60  15.36   1.66   0.77   0.00   0.00   0.00   0.00   0.00
-47.48  -7.33   0.00   0.00   0.00   0.00   0.00   0.00   0.00   0.00   0.00   0.24   0.00   0.00   2.28   2.73   3.31   0.92   0.00   0.00   0.00   0.00   0.00   0.00   0.00   0.00   0.00   0.00   0.00   0.28   0.70   0.00   0.00   0.00   0.00   0.00   0.00   1.24   6.38   6.82   1.40   0.28   0.82   1.00   0.00   0.00   0.00
-49.65  -3.83   0.00   0.00   0.00   0.00   0.00   0.00   0.00   0.00   0.00   0.00   0.00   0.00   2.85   5.57   1.50   0.86   1.06   0.00   0.37   0.00   0.00   0.00   0.00   0.00   0.00   0.00   0.00   1.14   1.95   0.46   0.00   0.00   0.00   0.00   0.00   2.98   3.35   6.34   1.05   0.50   0.72   2.11   0.00   0.00   0.00
-51.67 -29.07   0.00  20.78   0.00   0.00   0.00  33.15   1.00   0.00   7.25   0.00   0.64   9.55   0.46   0.83   0.00   0.00   0.00  14.11   9.34   0.24   0.00   0.00   0.00   0.00   0.72  33.67   4.33   0.00   0.00  11.37   9.20   0.00  29.12  37.00   7.77   0.29   0.00   0.00   0.00   0.00   0.00   0.00   0.00   0.00   1.39
-51.39 -29.01   0.00  16.56   0.00   0.00   0.00  30.00   0.79   0.00   9.83   0.00   0.00   7.78   0.77   2.13   0.00   0.00   0.42   8.99   7.44   1.08   0.41   0.00   0.00   0.00   1.16  30.00   2.61   0.00   0.00   6.39  11.59   0.00   7.31  30.00  24.84   0.43   0.00   0.55   0.00   0.00   0.00   0.00   0.00   0.00   0.00
-53.28 -29.45   0.00   3.68   0.00   0.00   0.00  10.07   0.00   0.00   1.92   0.00   3.72   1.14   0.00   0.00   0.00   0.00   0.00  30.31   3.70   0.00   0.28   0.00   0.00   0.33  34.00  34.00   0.00   0.00   0.00  18.85   3.97   0.23  34.00  34.00   1.97   0.00   0.00   0.00   0.00   0.00   0.00   0.00   0.00   0.00  34.00
-52.54 -28.56   0.00  15.75   0.00   0.00   0.00  31.56   0.79   0.00   7.68   0.00   3.60   8.59   0.00   0.21   0.00   0.00   0.00  21.98   8.68   0.00   0.00   0.00   0.00   0.00   4.07  39.00   6.00   0.00   0.00  16.78  14.74   1.15  24.04  39.00   0.90   0.00   0.00   0.00   0.00   0.00   0.00   0.00   0.00   0.00   1.53
-53.19 -29.02   0.00   7.21   0.00   0.00   0.00  16.06   0.00   0.00   4.75   0.00   7.44   2.68   0.00   0.22   0.00   0.00   0.00  32.82   3.31   0.00   0.31   0.00   0.00   0.00  14.97  35.00   0.80   0.00   0.00  23.58  10.46   0.42  35.00  35.00   1.76   0.00   0.00   0.00   0.00   0.00   0.00   0.00   0.00   0.00  16.10
-48.87 -25.14   3.15   6.55   0.00   0.43   0.00   0.00  31.00   0.00  17.20  12.07  31.00  31.00   2.37   0.00   0.00   4.60   2.91   0.76   5.61  11.43   0.00   0.00   0.00   0.00   0.00   0.00   0.00   0.00   0.00   0.00   5.37   1.25   0.00   1.07  13.68   0.38   0.00   2.51   1.43   0.62   1.18   0.00   0.00   0.00   0.00
-49.52 -27.14   0.34   8.09   0.00   0.00   0.00  30.00   9.85   0.00  24.45   0.00   1.00  11.39   0.00   0.00   0.00   0.45   1.83   3.35   7.97   0.69   0.00   0.00   0.00   0.00   0.00   0.00   1.17   0.00   0.00   0.36  11.86   0.00   0.00   7.57  25.11   1.32   0.51   0.91   0.00   0.77   1.03   0.00   0.00   0.00   0.00
-69.12 -12.60   0.00   0.29   0.36   0.00   0.00   0.29   0.00   0.48   0.91   0.55   1.56  12.68  24.00   7.32   0.00   0.00   0.00   0.00   0.00   4.75   1.73   0.00   0.00   0.00   0.27   0.00   0.00   0.63   1.16   0.52   4.51   2.42   0.68   2.14  16.65   8.31   0.00   0.00   0.00   0.00   0.00   0.00   1.65   6.62   5.93
-59.46 -10.16   0.00   0.00   1.22   0.00   0.00   0.00   0.00   0.00   0.28   8.82   0.25   9.37   1.60   0.00   0.00   0.00   0.00   0.00   2.35  15.47   0.36   0.00   0.00   0.00   0.00   0.00   0.00   0.00   0.00   1.31   2.32   2.70   3.05   2.06  11.18   0.83   0.00   0.00   0.00   0.37   0.72   4.53   4.75   3.68   3.00
-65.35 -10.73   0.00   0.89   0.49   0.00   0.00   0.00   0.00   0.00   0.60   4.59   3.79  18.00   3.66   2.36   0.00   0.00   0.00   0.00   0.33   0.86   0.00   0.00   0.00   0.00   0.00   0.00   0.00   0.00   0.00   0.00   0.70   0.00   1.25   4.35   9.02   2.66   0.00   0.00   0.00   0.00   0.00   0.35   1.29   1.47   1.50
-58.96 -15.12   0.00   0.76   0.00   0.24   0.00   0.00   0.00   0.00   0.00  11.17   0.40  19.30   0.00   0.00   0.22   0.00   0.00   0.38   0.91   6.52   0.00   0.00   0.00   0.00   0.00   0.00   0.00   0.00   0.00   0.00   0.25   0.00   0.00   1.51  21.00   0.00   0.25   0.00   0.00   0.00   0.00   0.00   0.00   1.73   0.00
-64.65  -9.25   0.00   0.00   0.99   0.00   0.00   0.00   0.22   1.36   0.38   1.35   0.68  12.53   8.15   4.64   0.00   0.00   0.00   0.00   0.00   2.28   0.00   0.00   0.00   0.26   0.28   0.00   0.00   0.00   0.00   0.00   1.84   0.00   0.00   0.75  23.00   5.21   0.00   0.00   0.00   0.00   0.00   0.00   3.77   4.78   5.39
-64.43 -12.43   0.00   0.59   1.69   0.00   0.00   0.00   0.00   0.00   0.00   8.10   0.56  18.52   0.44   0.97   1.84   0.00   0.00   0.00   0.30   1.89   0.00   0.00   0.00   0.43   0.00   0.00   0.00   0.00   0.00   0.00   0.00   0.00   0.00   1.24   9.27   1.03   0.00   0.00   0.00   0.00   0.00   1.67   1.44   3.18   2.59
-60.70 -11.99   0.00   0.00   1.15   0.00   0.00   0.00   0.00   0.00   0.00  12.33   0.00  28.99   0.00   0.00   0.00   0.00   0.00   0.00   3.91   0.58   0.60   0.00   0.00   0.00   0.00   0.00   0.00   0.00   0.00   0.00   0.00   0.00   0.00   1.25  12.80   0.00   0.00   0.00   0.00   0.00   0.30   2.57   1.42   8.60   2.09
-63.45  -8.75   0.00   0.00   4.77   0.00   0.00   0.00   0.00   0.74   0.00  12.92   0.00   3.66   4.56   0.00   0.00   0.00   0.00   0.00   0.00   8.89   2.66   0.00   0.00   0.00   0.00   0.00   0.00   0.00   0.00   0.00   0.45   0.00   0.00   0.56  28.00   3.84   0.00   0.00   0.00   0.00   0.85   1.04   2.06   2.55   6.10
-63.97  -8.87   0.00   0.00   0.85   0.00   0.00   0.00   0.00   0.84   0.28   5.19   0.00   0.29  13.57   0.00   0.00   0.00   0.00   0.00   0.00   2.06   2.24   0.00   0.00   3.06   0.00   0.00   0.00   0.00   0.00   2.91   0.00   0.00   0.00   0.00  15.82   4.76   0.00   0.00   0.00   0.00   0.00   0.87   0.40   1.13   3.05
-52.00  -6.74   0.00   0.00   0.00   0.00   0.00   0.00   0.00   0.00   0.00   0.38   0.80   2.12   5.25   2.21   0.45   0.62   2.96   6.02   2.09   1.51   0.33   0.00   0.00   0.00   0.00   0.00   0.00   0.00   0.00   1.09   1.98   0.48   1.84   0.71   4.05   4.31   9.07   4.51   4.00   4.32   1.64   1.33   0.33   0.00   0.00
-51.77  -6.75   0.00   0.00   0.30   0.00   0.00   0.00   0.36   0.36   0.00   0.00   0.00   0.30  19.80  12.44   2.98   3.79   5.52   0.59   1.42   0.00   0.00   0.00   0.00   0.00   0.00   0.00   0.00   0.00   0.49   3.34   1.74   0.00   0.00   0.00   0.00   4.16   7.37  22.00   3.71   1.57   2.25   1.10   0.00   0.78   0.00
-51.91  -3.41   0.00   0.00   0.00   0.00   0.00   0.00   0.00   0.00   0.36   0.00   0.00   0.00   2.10   4.73   2.08   1.59   3.69   3.59   1.16   1.49   0.46   0.00   0.00   0.00   0.00   0.00   0.00   0.00   0.00   5.52   2.09   0.69   0.30   0.00   1.82   2.14  10.67  23.00   4.61   2.12   1.13   3.73   1.21   0.87   0.57
-55.77 -10.98   0.00   0.00   0.00   0.00   0.00   0.00   0.00   0.00   0.00   1.41   1.35  10.51   0.93   0.00   0.00   0.00   0.34   3.42   4.91   5.82   0.56   0.00   0.00   0.00   0.00   0.00   0.00   0.00   0.00   0.00   2.76   0.62   4.39   0.89  17.67   1.12   0.30   0.29   0.47   1.44   0.75   0.28   0.00   0.00   0.00
-57.04  -9.19   0.00   0.00   0.00   0.00   0.00   0.00   0.00   0.00   0.93   1.42   0.00   1.64   3.59   0.00   0.00   0.00   1.39   4.10   0.28   1.34   0.00   0.00   0.24   0.00   0.00   0.00   0.00   0.00   0.00   0.47   2.98   3.32   8.05   1.25  17.87   1.34   1.50   0.23   3.54   2.37   1.47   2.75   0.71   0.00   0.00
-42.57 -16.74   0.00   0.00   0.00   0.00   0.00   0.00   0.00   0.00   0.00   0.00   0.00   0.00   0.00   2.50   1.92   0.35   0.00   0.00   0.00   0.00   0.00   1.95   0.00   0.00   0.00   0.00   0.00   0.00   0.00   0.00   0.00   0.00   0.00   0.00   0.00   0.00   1.18   7.61   2.88   0.99   0.00   0.00   0.00   0.00   0.00
-39.59 -15.97   0.00   0.00   0.00   0.00   0.00   0.00   0.00   0.00   0.00   0.00   0.00   0.00   0.00   1.09   0.37   0.00   0.00   0.00   0.22   0.00   0.00   4.00   0.36   0.00   0.00   0.00   0.00   0.00   0.00   0.00   0.00   0.00   0.00   0.00   0.00   0.00   1.21   3.34   3.01   2.95   1.18   0.00   0.31   0.00   0.20
-59.47  -1.92   0.37   0.00   0.00   0.00   0.00   0.00   0.00   0.00   0.00   0.00   0.00   0.00   0.00  27.00   7.11   0.87   1.18   0.60   4.71  10.06  27.00   0.49   3.33   0.00   0.00   0.48   0.00   0.00   0.00  27.00   1.60   0.99   0.00   0.00   0.00   2.13  10.44  20.94  27.00   0.25   2.40   1.63   5.22   2.44   0.52
-54.30  -2.82   0.00   0.00   0.00   0.00   0.00   0.00   0.00   0.00   0.00   0.00   0.00   0.00   0.00   5.33   1.79   0.00   0.71   0.38   1.50   5.46   0.00   0.00   0.00   0.00   0.00   0.00   0.00   0.00   0.00   1.48   0.66   0.00   0.00   0.00   0.00   0.88   2.29  28.00   7.32   0.00   1.18  11.38   1.44   0.00   0.00
-52.52  -0.65   2.17   1.08   0.00   0.00   0.30   1.94   2.17   1.13   0.41   0.00   0.00   0.37   4.33   0.00   0.00   0.00   0.34   1.30   0.00   2.17   0.00   0.00   0.00   0.00   0.00   0.00   0.00   0.61   0.87   1.17   0.65   0.00   0.00   0.00   0.00   2.11   5.60   6.15   2.20   0.00   0.00   1.92   0.97   0.00   0.00
-51.20   0.86   1.17   1.39   0.00   0.00   0.00   1.11   1.94   0.42   0.40   0.00   0.22   0.93   5.05   0.00   0.00   0.00   0.00   0.87   1.28   0.95   0.00   0.00   0.00   0.00   0.00   0.00   0.00   2.49   1.87   1.72   1.37   0.00   0.00   0.00   0.00   0.00   2.56   0.40   0.00   0.00   0.00   1.86   0.38   0.00   0.00
-43.57  -6.75   0.00   0.00   0.00   0.00   0.00   0.00   0.00   0.00   0.00   0.00   0.00   0.00   0.00   0.27   1.10   0.49   0.00   0.00   0.00   0.00   0.00   0.00   0.00   0.00   0.00   0.00   0.00   0.00   0.31   0.00   0.00   0.00   0.00   0.00   0.00   0.00   0.85   1.23   0.91   0.47   0.00   0.00   0.00   0.00   0.00
-54.83 -17.09   0.00   1.17   0.86   0.00   0.00   0.00   0.00   0.00   0.00   0.85   2.10  29.00   2.77   0.00   0.80   0.71   0.00   0.00  19.72  10.42   1.82   0.46   0.00   0.00   0.00   0.00   0.00   0.00   0.00   0.00   0.00   0.00   0.00   0.26   3.25   1.63   0.56   0.00   0.00   0.00   0.00   0.00   0.00   0.00   0.00
-58.73 -15.24   0.00   0.81   0.00   0.00   0.00   0.00   0.00   0.00   0.00  15.10   1.00  23.34   0.00   0.00   0.27   0.00   0.00   0.29   1.99   5.46   0.00   0.00   0.00   0.00   0.00   0.00   0.00   0.00   0.00   0.00   0.00   0.00   0.00   2.19  21.94   0.00   0.20   0.00   0.00   0.00   0.00   0.00   0.00   1.51   0.00
-55.78 -14.87   0.00   0.00   0.00   0.00   0.00   0.00   0.00   0.00   0.00   5.65   2.11  27.00   0.97   0.00   5.42   0.41   0.00   0.69  17.18  15.66   0.55   0.00   0.00   0.00   0.00   0.00   0.00   0.00   0.00   0.00   0.00   0.00   1.94   0.79   5.84   5.57   1.05   0.00   0.00   0.00   0.00   0.00   0.00   0.00   0.00
-54.83 -17.61   0.00   0.00   0.00   0.43   0.00   0.00   0.00   0.00   0.00   0.78   1.54  17.21   3.44   0.00   0.67   0.50   0.00   0.31  13.07  14.92   0.85   0.63   0.00   0.00   0.00   0.00   0.00   0.00   0.00   0.00   0.00   0.00   0.00   0.58   2.40   1.86   0.44   0.00   0.00   0.00   0.00   0.00   0.00   0.00   0.00
-39.00 -12.58   1.94   0.81   0.00   0.00   0.00   0.00   0.00   0.00   0.00   0.00   0.00   0.00   0.00   0.00   0.00   0.00   0.32   0.21   0.29   0.00   0.00   0.00   1.03   1.92   0.52   0.69   0.22   0.33   0.00   0.00   0.00   0.59   0.00   0.00   0.35   0.27   0.45   0.62   1.69   0.22   0.00   0.00   0.34   0.36   2.70
-40.20 -17.90   0.00   0.00   0.00   0.00   0.00   0.00   0.00   0.00   0.00   0.00   0.00   0.00   0.00   0.30   0.00   0.00   0.00   0.00   0.54   0.00   0.00   6.56   1.50   0.00   0.00   0.00   0.00   0.00   0.00   0.24   0.00   0.00   0.00   0.00   0.00   0.00   2.53   1.67   2.50   0.00   0.00   0.00   0.00   0.70   0.00
-41.72 -20.92   0.00   0.00   0.00  20.98   0.00   0.00   0.00   1.32   0.31   0.00   1.29   0.00   0.00  17.32   0.38   0.00   0.33   0.00   0.00   0.00   7.41   1.08   0.21   0.00   0.00   0.00   0.00   0.00   0.00   0.00   0.00   0.00   0.00   0.00   0.00   1.71  30.14   6.95  11.05   0.00   0.00   0.00   0.00   0.00   0.00
-42.85 -20.21   0.00   0.00   0.00  23.94   0.00   0.00   0.00   2.27   0.00   0.49   7.03   0.00   6.83   8.25   0.22   0.32   1.08   0.00   0.00   0.00   1.73   0.00   0.00   0.00   0.00   0.00   0.00   0.00   0.00   0.00   0.00   0.00   0.00   0.00   0.00   9.41  17.20  11.67   7.61   0.00   0.00   0.00   0.00   0.00   0.00
-42.85 -19.64   0.00   0.00   0.00  32.79   0.00   0.00   0.00   1.51   0.00   0.00   0.00   0.00   2.33  13.41   0.00   0.76   0.00   0.00   0.00   0.00   6.57   1.16   0.00   0.20   0.00   0.00   0.00   0.00   0.00   0.00   0.00   0.00   0.00   0.00   0.00   3.69  33.00   8.72   9.28   0.00   0.00   0.00   0.00   0.00   0.00
-42.66 -19.12   0.00   0.00   0.00   0.81   0.00   0.00   0.00   0.00   0.00   0.00   0.00   0.00   0.00  17.84   1.80   0.82   0.00   0.00   0.00   0.00   9.23   1.32   0.70   0.39   0.00   0.00   0.00   0.00   0.00   0.00   0.00   0.00   0.00   0.00   0.00   1.47   8.17   3.40   8.01   0.00   0.00   0.00   0.00   0.00   0.00
-40.92 -19.50   0.00   0.00   0.00   3.51   0.00   0.00   0.00   0.54   0.00   0.00   0.00   0.00   0.00  10.60   2.02   0.28   0.00   0.00   0.00   0.37   1.69   2.52   0.75   0.78   0.00   0.00   0.00   0.00   0.00   0.00   0.00   0.00   0.00   0.00   0.00   0.00   5.67   3.86   4.62   0.00   0.00   0.00   0.00   0.26   0.00
-45.87 -23.37   0.00   0.00   1.01   1.36   0.60   0.00   5.34  26.44   0.31  13.64  23.46  11.74   8.82   0.50   0.00   3.24   5.24   0.21   0.00   0.20   6.23   0.00   0.00   0.00   0.00   0.00   0.00   0.00   0.00   0.00   0.00   0.00   0.00   0.00   7.79  21.92   9.75   8.25   5.54   0.40   0.58   0.00   0.00   0.00   0.00
-46.03 -23.20   0.00   0.00   0.00   0.33   0.77   0.00   6.06  17.08   0.00  20.56  20.56  17.25   9.79   0.00   0.00   1.71   4.68   0.00   0.25   1.61   6.69   0.00   0.00   0.00   0.00   0.00   0.00   0.00   0.00   0.00   0.00   0.21   0.00   0.00   8.63  20.86   7.29   5.14   1.74   0.00   0.00   0.00   0.00   0.00   0.00
-44.57 -22.53   0.00   0.00   1.44   3.72   0.48   0.00   3.83  23.00   0.00  12.53  21.31  16.26   9.09   0.56   0.00   2.83   2.96   0.00   0.45   0.99   4.47   0.00   0.00   0.00   0.00   0.00   0.00   0.00   0.00   0.00   0.00   0.25   0.00   0.00   6.58  23.00   8.66   5.68   2.61   0.00   0.00   0.00   0.00   0.00   0.00
-43.84 -22.48   0.00   0.00   3.93   4.84   0.00   0.00   1.10  18.67   0.00   9.85   2.46  10.43  10.37   2.49   0.00   2.98   1.08   0.00   0.00   0.00   1.22   0.00   0.00   0.00   0.00   0.00   0.00   0.00   0.00   0.00   0.00   0.00   0.21   0.00   2.05  29.00  10.26   7.30   4.57   0.67   0.66   0.00   0.00   0.00   0.00
-43.54 -21.91   0.00   0.00   0.00   9.43   0.00   0.00   0.00  12.34   0.00  13.77   5.88   8.26  12.34   1.53   0.00   4.25   1.23   0.00   0.00   0.00   0.65   0.00   0.00   0.00   0.00   0.00   0.00   0.00   0.00   0.00   0.00   0.00   0.00   0.00   0.61  28.61  13.84  11.36   1.57   0.00   0.00   0.00   0.00   0.00   0.00
-43.36 -21.94   0.00   0.00   0.00  11.70   0.00   0.00   0.00   4.77   0.00  13.29  10.13   4.32   8.59   0.52   0.00   5.78   0.96   0.41   0.00   0.00   2.32   0.61   0.00   0.00   0.00   0.00   0.00   0.00   0.00   0.00   0.00   0.00   0.00   0.00   0.00  19.46  14.76  11.79   1.76   0.00   0.28   0.00   0.00   0.00   0.00
-42.58 -21.84   0.00   0.00   2.19  13.27   0.33   0.00   0.74  13.76   0.67  14.89   5.69  11.13  11.20   1.88   0.00   5.67   1.97   0.94   0.00   0.31   2.77   0.33   0.00   0.00   0.00   0.00   0.00   0.00   0.00   0.00   0.00   0.00   0.00   0.00   0.00  24.16  16.04  11.80   2.72   0.35   0.43   0.00   0.00   0.00   0.00
-43.83 -22.69   0.00   0.00   4.98   1.81   0.00   0.00   2.35  12.68   0.00   6.23   0.72   4.68   8.09   0.86   0.00   3.31   0.54   0.22   0.00   0.00   1.78   0.00   0.00   0.00   0.00   0.00   0.00   0.00   0.00   0.00   0.00   0.00   0.00   0.00   1.95  30.00  13.76   4.70   9.39   1.11   0.27   0.00   0.00   0.00   0.00
-53.67 -25.51   0.00   8.90   0.00   0.00   0.00   0.53   0.91   0.00  21.23   0.00  15.01   4.85   0.00   0.00   0.00   0.00   0.00  19.46   3.20   1.07   0.00   0.00   0.00   0.00   0.00   0.00   0.00   0.00   0.00   2.36  20.51   9.83   0.00  17.83   4.66   0.00   0.00   0.00   0.00   0.00   0.00   0.00   0.00   0.00   0.00
-42.41 -21.45   0.00   0.00   0.00  12.19   0.00   0.00   0.00   2.58   0.00   5.77  12.92   1.90   5.65   0.94   0.00   2.87   0.92   0.00   0.00   0.00   2.71   0.58   0.00   0.00   0.00   0.00   0.00   0.00   0.00   0.00   0.00   0.00   0.00   0.00   0.00  19.38  13.05  12.19   4.86   0.00   0.00   0.00   0.00   0.00   0.00
-64.66  -9.26      0    0.3    0.4      0      0    0.3      0    0.6    0.8    0.7    1.4   12.7   21.9      7      0      0      0      0      0    4.4    1.5      0      0      0    0.3      0      0    0.5      1    0.5    4.2    2.1    0.6      2   17.5    7.9      0      0      0      0      0      0    1.9    6.4    5.9
-51.77  -3.13      0      0      0      0      0      0      0      0    0.3    0.1    0.2    0.6    3.6    4.3    1.7    1.4    3.6    4.1    1.4    1.4    0.4      0      0      0      0      0      0      0      0    4.3      2    0.6    0.7    0.2    2.3    2.8   10.1   18.1    4.4    2.7    1.3      3    0.9    0.6    0.4
