-50.35 -19.89   0.00   0.00   6.00   7.79   0.00   0.00   0.00   0.00   0.00   0.00   0.00   0.31   0.00   0.00   0.00   0.00   0.00   0.00   2.35  14.21   0.00   0.00   0.00   1.79  18.85   8.79   4.05   0.36  11.74   0.21   0.00   0.00   0.00   0.00   0.00   0.00   5.16   0.00   0.00   0.00   2.22   0.00   5.94  18.17  17.67
-44.63 -21.28   0.00   0.00   0.00  10.01   0.00   0.00   0.00   0.00   0.00   0.00   1.75   2.05   0.33   0.00   0.00   0.00   0.00   0.00   0.00  11.32  26.07   3.51   0.00   1.94   2.96   0.74   0.40   0.00   0.00   5.41   0.00   0.00   0.00   0.00   0.00   0.00   0.00   0.00   0.00   0.00   1.94   0.00   0.00   8.21  18.25
-48.16 -20.25   0.00   0.00   3.28  19.42   0.00   0.00   0.00   0.00   0.00   0.00   0.67   0.22   0.00   0.00   0.00   0.00   0.00   0.00   0.00  17.07   2.17   0.00   0.00   1.16  16.99  12.07   0.48   1.02  11.47   2.96   0.00   0.00   0.00   0.00   0.00   0.00   0.00   0.00   0.00   0.00   0.99   0.14   3.07  13.73  27.06
-46.95 -21.60   0.00   0.00   0.22  12.19   0.24   0.00   0.00   0.00   0.00   0.00   0.48   0.51   0.00   0.00   0.00   0.00   0.00   0.00   0.00  15.23   3.50   0.00   0.00   3.41   2.98   0.55   0.27   1.53  14.77   3.68   0.00   0.00   0.00   0.00   0.00   0.00   0.00   0.00   0.00   0.00   0.91   0.00   2.48  18.95  28.66
-45.04 -21.14   0.00   0.00   0.35  11.25   0.00   0.00   0.00   0.00   0.00   0.00   0.73   0.68   0.52   0.00   0.00   0.00   0.00   0.00   0.00   7.23  25.18   1.81   0.00   1.18   3.52   0.58   1.00   0.27   0.00   5.46   0.00   0.00   0.00   0.00   0.00   0.00   0.00   0.00   0.00   0.00   1.50   0.00   0.00   7.60  17.43
-46.32 -20.67   0.00   0.00   2.21  14.67   0.21   0.00   0.00   0.00   0.00   0.00   0.25   0.58   0.00   0.00   0.00   0.00   0.00   0.00   0.00   9.46  15.99   1.87   0.00   2.89   6.59   2.44   0.41   0.43   2.42   3.84   0.00   0.00   0.00   0.00   0.00   0.00   0.00   0.00   0.00   0.00   0.74   0.00   3.01  13.42  19.84
-49.18 -20.30   0.00   0.00   3.07  12.67   0.28   0.00   0.00   0.00   0.00   0.00   0.29   0.27   0.00   0.00   0.00   0.00   0.00   0.00   0.00  13.36   0.58   0.00   0.00   1.29  15.16  10.63   2.33   0.88  14.71   1.28   0.00   0.00   0.00   0.00   0.00   0.00   0.58   0.00   0.00   0.00   2.82   0.00   1.68  15.49  25.02
-45.67 -21.59   0.00   0.00   0.39  16.16   1.40   0.00   0.00   0.00   0.00   1.96   1.93   1.82   0.00   0.00   0.00   0.00   0.00   0.00   0.00  23.74  15.21   0.41   0.00   2.53   2.43   1.56   0.67   0.77  12.56   9.31   0.00   0.00   0.00   0.00   0.00   0.00   0.00   0.00   0.00   0.00   3.79   0.00   3.37   8.28  27.18
-48.18 -21.02   0.00   0.00   0.81   5.89   0.75   0.00   0.00   0.00   0.22   0.00   0.36   0.00   0.00   0.00   0.00   0.00   0.00   0.00   0.00  15.01   0.61   0.00   0.00   2.73   4.03   2.81   0.41   2.06  17.32   1.64   0.00   0.00   0.00   0.00   0.00   0.00   0.68   0.41   0.00   0.18   3.22   0.00   1.09  11.08  30.00
-45.49 -21.61   0.00   0.00   0.00  15.46   0.96   0.00   0.00   0.00   0.00   0.23   1.56   2.54   0.00   0.00   0.00   0.00   0.00   0.00   0.00  14.54  27.91   1.91   0.00   2.64   4.19   1.04   0.96   0.56   5.70   8.42   0.00   0.00   0.00   0.00   0.00   0.00   0.00   0.00   0.00   0.00   2.80   0.00   0.97   8.99  29.00
-48.55 -20.00   0.00   0.00   1.60  10.61   0.00   0.00   0.00   0.00   0.00   0.00   0.00   0.65   0.00   0.00   0.00   0.00   0.00   0.00   0.00  11.13   4.50   0.50   0.00   1.44  17.97  15.82   1.48   0.65   5.12   4.36   0.00   0.00   0.00   0.00   0.00   0.00   0.00   0.00   0.00   0.00   0.65   0.34   6.77  17.24  15.45
-51.65 -26.00   0.24   6.36   0.00   0.00   0.00   0.00   0.00  21.16   4.42   1.38   0.30   0.00   0.00   0.00   0.00   0.00   0.00   0.00   7.56   0.00   0.00   0.00   0.00   0.00   0.00   0.00   0.00  35.00   8.35   0.00   0.00   0.00   0.00   0.00   0.00   0.63   2.13   0.00   7.68  12.87   0.71   0.66  35.00   6.44   2.46
-52.00 -25.78   0.00   6.13   0.00   0.72   0.00   0.00   0.00  11.04   2.59   0.76   0.00   0.00   0.00   0.00   0.00   0.00   0.00   0.98   4.04   0.00   0.00   0.00   0.00   0.00   0.00   0.00   0.00  37.00   5.62   0.00   0.00   0.00   0.00   0.00   0.00   1.68   0.63   0.00  10.60  14.47   0.00   0.78  37.00  11.02   1.14
-53.48 -25.53   0.00   5.35   0.00   0.54   0.00   0.00   0.00   8.05   1.11   0.44   0.00   0.00   0.00   0.00   0.00   0.00   0.00   2.56   3.71   0.00   0.00   0.00   0.00   0.00   0.00   0.00   0.00  36.00   2.39   0.00   0.00   0.00   0.00   0.00   2.80   2.55   0.39   0.00  20.19  21.95   0.00   0.75  31.72  12.50   2.44
-51.74 -25.49   0.00   8.12   0.00   3.44   0.00   0.00   0.00  27.93   3.57   1.61   0.36   0.00   0.00   0.00   0.00   0.00   0.00   0.00  10.67   0.00   0.00   0.00   0.00   0.00   0.00   0.00   0.00  36.00   7.19   0.00   0.00   0.00   0.00   0.00   0.00   2.02   7.00   0.00   7.00  25.18   0.00   0.00  36.00  15.74   4.21
-51.08 -26.23   0.35   5.34   0.00   0.45   0.00   0.00   0.00  22.00   7.92   3.22   1.43   0.00   0.00   0.00   0.00   0.00   0.00   0.00  22.00   0.32   0.00   0.00   0.00   0.24   0.43   0.00   0.00  22.00  22.00   0.00   0.00   0.00   0.00   0.00   0.00   1.49  22.00   0.00   3.28  19.66   1.09   0.60  22.00   5.08   5.41
-53.74 -24.19   0.00   7.76   0.00   1.99   0.00   0.00   0.00   9.65   4.03   2.29   0.98   0.00   0.00   0.00   0.00   0.00   0.00   0.00  12.26   0.00   0.00   0.00   0.00   0.00   0.00   0.00   0.00  25.00   4.84   0.00   0.00   0.00   0.00   0.00   0.00  10.64   1.97   0.00  11.48  14.28   0.00   0.00  25.00  17.17  10.33
-54.56 -22.97   0.00   6.86   0.30   0.22   0.00   0.00   0.00   0.42   9.62   2.48   1.04   0.00   0.00   0.00   0.00   0.00   0.00   0.42  14.48   0.00   0.00   0.00   0.00   0.00   0.00   0.00   9.56  26.59   2.84   0.00   0.00   0.00   0.00   0.00   3.16  14.08   0.00   0.00   0.37   4.39   0.00   0.00  30.00  24.98  30.00
-54.58 -25.42   0.00   8.94   0.00   0.28   0.00   0.00   0.00   1.10   3.08   2.38   0.66   0.00   0.00   0.00   0.00   0.00   0.00   0.00   9.52   0.60   0.00   0.00   0.00   0.00   0.65   0.00   2.80  22.00   7.31   0.00   0.00   0.00   0.00   0.00   2.00   8.52   0.00   0.00   9.71  12.51   0.00   0.00  22.00   8.48  17.46
-53.53 -22.38   0.00  10.31   4.71   0.41   0.00   0.00   0.00   1.31   3.32   4.03   0.64   0.00   0.00   0.00   0.00   0.00   0.00   0.54  12.80   4.52   0.00   0.00   0.00   0.00   4.64   0.43  11.40  21.00  20.17   0.00   0.00   0.00   0.00   0.00   3.13  11.02   0.20   0.00   0.31  10.32   0.35   0.00  21.00  21.00  18.82
-53.17 -23.18   0.00   9.91   0.00   7.86   0.00   0.00   0.00  17.31   8.41  15.03   5.74   0.00   0.00   0.00   0.00   0.00   0.00   0.00  16.92   0.30   0.00   0.00   0.00   0.28   0.00   0.00   0.00  24.00  15.24   0.00   0.00   0.00   0.00   0.00   0.00   3.48  10.50   0.27   9.50  21.48   0.00   0.00  24.00  24.00  23.75
-48.54 -17.99   0.00   0.00   0.00   0.00   0.00   0.00   0.00   0.00   0.00   0.00   0.00   0.00   0.00   0.00   0.00   0.00   0.00   0.00   0.00   0.25  14.48   0.79   0.00   1.04   0.00   6.90   0.83   0.00   0.72   3.29   0.00   0.00   0.00   0.00   0.00   0.00   0.00   0.00   0.00   0.00   0.00   0.00   1.63  18.01   4.69
-48.67 -16.15   0.00   0.00   0.00   0.00   0.00   0.00   0.00   0.00   0.00   0.00   0.00   0.00   0.00   0.00   0.00   0.00   0.00   0.00   0.00   0.00  18.84   1.61   0.39   1.38   0.00   2.11   0.34   0.00   0.00   5.76   0.28   0.34   0.00   0.00   0.00   0.00   0.00   0.00   0.00   0.00   0.00   0.00   0.69  16.45   1.53
-47.98 -18.45   0.00   0.00   0.00   0.52   0.00   0.00   0.00   0.00   0.00   0.00   0.00   1.16   0.00   0.00   0.00   0.00   0.00   0.00   0.00   2.57   5.07   1.73   0.00   0.00   2.65   7.49   0.90   0.00   0.35   2.99   0.00   0.00   0.00   0.00   0.00   0.00   0.00   0.00   0.00   0.00   0.00   0.00   4.12  22.52   5.35
-49.10 -18.42   0.00   0.00   0.00   0.44   0.00   0.00   0.00   0.00   0.00   0.00   0.00   1.69   0.00   0.00   0.00   0.00   0.00   0.00   0.00   8.08   8.32   0.00   0.00   0.52   3.11  11.95   2.62   0.00   2.48   5.65   0.00   0.00   0.00   0.00   0.00   0.00   0.00   0.00   0.00   0.00   0.00   0.00   6.13  20.38   6.49
-47.70 -19.13   0.00   0.00   0.00   1.78   0.00   0.00   0.00   0.00   0.00   0.00   0.00   0.29   0.00   0.00   0.00   0.00   0.00   0.00   0.00   7.66   5.46   0.40   0.00   0.25  15.14  19.79   0.48   0.00   0.37   4.21   0.00   0.00   0.00   0.00   0.00   0.00   0.00   0.00   0.00   0.00   0.00   0.18   6.24  31.00   2.30
-50.16 -18.07   0.00   0.00   1.44   1.40   0.40   0.00   0.00   0.00   0.00   0.00   0.00   1.06   0.00   0.00   0.00   0.00   0.00   0.00   0.00   3.98   3.72   0.00   0.34   6.41   6.37  10.92   4.02   0.36   8.09   3.24   0.00   0.00   0.00   0.00   0.00   0.41   0.82   0.00   0.00   0.00   0.00   0.00   1.30   7.45  10.17
-47.68 -18.05   0.00   0.00   0.00   0.00   0.00   0.00   0.00   0.00   0.00   0.00   0.00   0.32   0.00   0.00   0.00   0.00   0.00   0.00   0.00   0.00  12.56   0.37   0.00   0.00   0.00   2.69   0.00   0.00   0.00   3.16   0.00   0.00   0.00   0.00   0.00   0.00   0.00   0.00   0.00   0.00   0.00   0.00   1.83  21.92   5.30
-50.50 -19.02   0.00   0.00   1.84   3.41   0.34   0.00   0.00   0.00   0.00   0.00   0.00   0.55   0.00   0.00   0.00   0.00   0.00   0.00   0.00   9.10   2.33   0.00   0.00   1.67  12.86   5.93   4.65   0.46   7.54   2.56   0.00   0.00   0.00   0.00   0.00   0.00   1.17   0.00   0.00   0.00   0.00   0.00  13.51  15.44   5.05
-50.52 -22.94   0.00   6.31   2.82   5.86   0.33   0.00   0.00   0.00   7.90   0.27   0.00   0.49   0.00   0.00   0.00   0.00   0.00   0.00   6.91  12.28   0.00   0.00   0.00   2.25   0.75   0.43   0.00  10.60  23.00   0.84   0.00   0.00   0.00   0.00   0.00   0.00   7.17   1.11   1.54   8.12   1.92   0.00   1.22  22.64  23.00
-51.33 -22.65   0.00  11.57   1.34  11.54   0.00   0.00   0.00   9.58  19.50  10.95   3.43   0.00   0.00   0.00   0.00   0.00   0.00   0.00  18.44   5.49   0.00   0.00   0.00   2.14   0.56   0.00   0.00  24.77  23.06   0.34   0.00   0.00   0.00   0.00   0.00   0.48  15.02   1.05   0.77  15.10   0.29   0.00   7.65  25.00  25.00
-49.73 -23.01   0.00   9.60   0.89   8.97   0.00   0.00   0.00  19.99  14.88  10.32   6.59   0.27   0.00   0.00   0.00   0.00   0.00   0.00  25.80   8.97   0.00   0.00   0.00   3.29   0.71   0.70   0.00  28.00  28.00   1.53   0.00   0.00   0.00   0.00   0.00   0.47   9.82   1.08   1.18  20.82   0.93   0.00   6.04  22.93  23.11
-49.23 -23.22   0.00   6.17   1.97   4.36   0.00   0.00   0.00   5.88  13.69   3.31   3.50   0.60   0.00   0.00   0.00   0.00   0.00   0.00   6.90   9.71   0.68   0.00   0.00   2.76   0.78   0.77   0.00  15.81  24.00   1.09   0.00   0.00   0.00   0.00   0.00   0.00  13.56   1.00   1.56  13.99   2.94   0.22  10.32  16.84  15.55
-50.71 -24.06   0.00   8.47   0.00   2.70   0.00   0.00   0.00  29.00  18.31  10.44   8.55   0.00   0.00   0.00   0.00   0.00   0.00   0.00  28.05   0.62   0.00   0.00   0.00   0.00   0.00   0.00   0.30  29.00  11.46   0.27   0.00   0.00   0.00   0.00   0.00   3.98  24.41   1.50   1.92  29.00   0.76   0.00   8.22   8.46  11.59
-52.87 -22.50   0.00  14.57   0.48  14.31   0.00   0.00   0.00   2.92   2.04   1.42   1.89   0.00   0.00   0.00   0.00   0.00   0.00   0.00  10.12   8.79   0.00   0.00   0.00   0.98   4.13   0.00   0.00  26.00  15.73   0.00   0.00   0.00   0.00   0.00   0.00   0.23  15.70   0.00   1.97   8.23   0.00   0.00   8.27  24.14  16.39
-47.33 -16.21   0.00   0.00   0.00   0.00   0.00   0.00   0.00   0.00   0.00   0.00   0.00   0.00   0.00   0.00   0.00   0.00   0.00   0.00   0.00   0.00  10.14   5.11   0.48   0.00   0.00   0.00   0.00   0.00   0.00   9.44   0.00   0.00   0.00   0.00   0.00   0.00   0.00   0.00   0.00   0.00   0.00   0.00   0.00   8.12   1.14
-44.76 -18.95   0.00   0.00   0.00   1.66   0.00   0.00   0.00   0.00   0.00   0.00   0.00   2.30   0.00   0.00   0.00   0.00   0.00   0.00   0.00   1.74   3.78   3.40   0.00   1.08   3.21   5.33   1.99   0.00   0.00   3.73   0.00   0.00   0.00   0.00   0.00   0.00   0.00   0.00   0.00   0.00   1.59   0.00   0.00  25.00   4.74
-44.86 -15.93   0.00   0.00   0.00   0.00   0.00   0.00   0.00   0.00   0.00   0.00   0.00   0.00   0.00   0.00   0.00   0.00   0.00   0.00   0.00   0.00   5.42   4.85   0.30   0.00   0.00   0.00   0.00   0.00   0.00   2.17   0.00   0.00   0.00   0.00   0.00   0.00   0.00   0.00   0.00   0.00   0.00   0.00   1.57  13.02   2.05
-45.07 -16.37   0.00   0.00   0.00   0.00   0.00   0.00   0.00   0.00   0.00   0.00   0.00   0.50   0.00   0.00   0.00   0.00   0.00   0.00   0.00   0.00   4.08   4.40   0.00   0.00   1.06   2.41   0.28   0.00   0.00   4.62   1.15   0.00   0.00   0.00   0.00   0.00   0.00   0.00   0.00   0.00   0.18   0.00   1.07  19.55   2.20
-45.27 -18.16   0.00   0.00   0.00   3.07   0.00   0.00   0.00   0.00   0.00   0.00   0.00   0.43   0.00   0.00   0.00   0.00   0.00   0.00   0.00   2.47   7.83   2.39   0.00   0.82   5.15  13.43   0.66   0.00   0.00   3.06   0.00   0.00   0.00   0.00   0.00   0.00   0.00   0.00   0.00   0.00   0.00   0.00   3.13  23.95   4.00
-43.83 -11.35   0.00   0.00   0.00   0.00   0.00   0.00   0.00   0.00   0.00   0.00   0.00   0.00   0.00   0.00   0.00   0.00   0.00   0.00   0.00   0.00   0.00   1.17   2.76   0.55   0.00   0.00   0.00   0.00   0.00   0.00   1.03   5.40   0.00   0.00   0.00   0.00   0.00   0.00   0.00   1.46   0.00   2.57   1.87   1.13   0.24
-48.55 -22.52   0.00   1.17   2.33   1.32   0.27   0.00   0.00   0.00   5.69   0.65   1.02   0.50   0.00   0.00   0.00   0.00   0.00   0.00   2.19  20.43   0.93   0.00   0.00   0.98   0.72   0.50   0.55   2.26  20.76   1.42   0.00   0.00   0.00   0.00   0.00   0.00   2.35   0.83   0.58   3.79   5.88   0.00   8.38  13.15  15.00
-46.91 -23.46   0.00   0.00   2.51   0.00   0.00   0.00   0.00   0.00  10.13   1.20   5.53   4.38   0.00   0.00   0.00   0.00   0.00   0.00   1.96  24.15   5.70   1.08   0.00   0.63   0.51   0.00   0.31   0.00  26.00   8.30   0.00   0.00   0.00   0.00   0.00   0.00   1.30   0.00   0.00   1.30   3.03   0.39   1.59   2.84   6.45
-48.99 -21.76   0.00   1.64   0.91   2.90   0.30   0.00   0.00   0.00   3.97   0.32   0.00   0.00   0.00   0.00   0.00   0.00   0.00   0.00   1.94  14.40   0.00   0.00   0.00   2.82   1.22   0.99   0.00   1.76  13.71   1.21   0.00   0.00   0.00   0.00   0.00   0.00   4.82   1.63   0.32   0.80   2.99   0.00   0.00   9.90  27.99
-50.20 -21.12   0.00   0.39   2.46   4.06   0.36   0.00   0.00   0.00   0.27   0.22   0.00   0.00   0.00   0.00   0.00   0.00   0.00   0.00   3.83  20.19   0.30   0.00   0.00   7.38  11.22  11.65   0.82   0.35  18.61   0.39   0.00   0.00   0.00   0.00   0.00   0.00   9.71   0.72   0.00   0.00   3.62   0.00   0.30  15.49  31.00
-48.30 -13.40   0.00   0.00   0.00   0.00   0.00   0.00   0.00   0.00   0.00   0.00   0.00   0.00   0.00   0.00   0.00   0.00   0.00   0.00   0.00   0.35  12.31   4.21   3.19   4.60   0.35   2.00   0.69   0.00   0.00   5.55   0.96   0.94   0.00   0.00   0.00   0.00   0.00   0.00   0.00   0.00   0.51   0.94   2.11   7.00   7.16
-51.20 -27.78   0.00   3.08   0.00   0.00   0.00   0.00  13.83  23.32   0.71   0.41   0.00   0.00   0.00   0.00   0.00   0.00   0.00  26.00  11.14   0.00   0.00   0.00   0.00   0.28   0.00   0.00   0.00  26.98   7.03   0.00   0.00   0.00   0.00   0.00   0.76   5.78   0.39   0.00  25.88  21.63   0.82  16.98  24.86   9.71   0.29
-51.33 -27.60   1.13   1.87   0.00   0.00   0.00   0.00   2.61  20.32   7.87   1.28   0.24   0.00   0.00   0.00   0.00   0.00   0.00   5.99   9.63   0.00   0.00   0.00   0.00   0.48   0.28   0.65   0.54  30.00   3.11   0.00   0.00   0.00   0.00   0.00   0.44   2.79   1.11   0.00   2.50  16.87   1.00  16.61  30.00   4.89   0.30
-53.04 -27.14   0.00   4.91   0.00   0.00   0.00   0.00   6.37   5.10   0.51   0.00   0.00   0.00   0.00   0.00   0.00   0.00   0.00   5.15   2.68   0.00   0.00   0.00   0.00   0.00   0.00   0.00   0.00  36.00   2.32   0.00   0.00   0.00   0.00   0.00  16.33   7.48   0.00   0.00   7.97   4.10   0.00  26.20  36.00   1.76   0.00
-52.38 -27.27   0.44   3.12   0.00   0.00   0.00   0.00   3.14   9.78   4.45   0.46   0.00   0.00   0.00   0.00   0.00   0.00   0.00  13.17   4.44   0.00   0.00   0.00   0.00   0.00   0.00   0.00   0.00  32.00   4.63   0.00   0.00   0.00   0.00   0.00   8.82   5.52   0.00   0.00   9.91   5.75   0.35   7.48  30.82   3.79   0.63
-51.78 -27.52   0.00   2.76   0.00   0.00   0.00   0.00  13.87  13.18   0.49   0.00   0.00   0.00   0.00   0.00   0.00   0.00   0.00  27.59   2.62   0.00   0.00   0.00   0.00   0.00   0.00   0.00   0.00  29.40   5.44   0.00   0.00   0.00   0.00   0.00  23.08   9.44   0.00   0.00  23.83  14.02   0.00  20.84  26.64   7.99   0.00
-52.73 -27.35   0.00   4.37   0.00   0.00   0.00   0.00  11.80   5.66   0.00   0.00   0.00   0.00   0.00   0.00   0.00   0.00   0.00  16.45   1.96   0.00   0.00   0.00   0.00   0.00   0.00   0.00   0.00  17.05   5.65   0.00   0.00   0.00   0.00   0.00  28.83   9.93   0.00   0.00  32.00   3.96   0.00   8.82  18.83   6.02   0.00
-52.54 -26.66   0.00   4.57   0.00   0.00   0.00   0.00   0.00   8.54   5.20   0.33   0.00   0.00   0.00   0.00   0.00   0.00   0.00  14.69   4.63   0.00   0.00   0.00   0.00   0.00   0.00   0.00   0.00  37.00   3.90   0.00   0.00   0.00   0.00   0.00   2.97   4.81   0.00   0.00   7.11   5.02   0.00   4.94  34.52   3.13   0.55
-55.05 -28.14   0.00   5.29   0.00   0.00   0.00   0.00  17.24   8.12   0.00   0.00   0.00   0.00   0.00   0.00   0.00   0.00   1.62  27.15   1.04   0.00   0.00   0.00   0.00   0.00   0.00   0.00   0.00   6.03   2.59   0.00   0.00   0.00   0.00   0.00  32.00   4.05   0.00   0.00  31.02   0.22   0.00   6.40   7.61   3.54   0.00
-51.87 -18.68   0.00   0.00   9.74  12.01   0.00   0.00   0.00   0.00   0.00   0.00   0.49   0.00   0.00   0.00   0.00   0.00   0.00   0.00   2.08   2.59   0.00   0.00   0.00   3.72  22.38   3.48   8.81   1.75   7.64   0.00   0.00   0.00   0.00   0.00   0.00  28.00  11.45   0.25   0.00   0.00   0.00   0.25   5.30   4.40  28.00
-50.76 -19.16   0.00   0.00  10.04   2.94   0.26   0.00   0.00   0.00   0.00   0.00   0.51   0.54   0.00   0.00   0.00   0.00   0.00   0.00   1.40   1.00   0.00   0.00   0.00   1.87  15.38   9.82   8.94   3.15   6.70   0.00   0.00   0.00   0.00   0.00   0.00  24.64  11.03   0.53   0.00   0.00   0.00   0.26  16.34   2.95  22.80
-50.64 -19.12   0.00   0.00  10.24   3.09   0.32   0.00   0.00   0.00   0.00   0.00   0.00   0.64   0.00   0.00   0.00   0.00   0.00   0.00   0.23   5.46   2.25   0.00   0.00   3.44  11.75  11.10   6.36   2.23  10.26   0.29   0.00   0.00   0.00   0.00   0.00   9.12   6.53   0.00   0.00   0.00   0.00   0.00  17.24   4.59  17.71
-51.35 -20.40   0.00   0.31   9.69   9.20   0.00   0.00   0.00   0.00   0.00   0.00   0.32   0.00   0.00   0.00   0.00   0.00   0.00   0.00   5.02  11.98   0.00   0.00   0.00   4.56  17.14  10.86   5.20   1.60  11.02   0.18   0.00   0.00   0.00   0.00   0.00   2.74  11.30   0.49   0.00   0.00   1.24   0.25   8.54  12.09  23.88
-51.63 -20.86   0.00   0.53   9.28   9.05   0.00   0.00   0.00   0.00   0.54   0.23   0.35   0.00   0.00   0.00   0.00   0.00   0.00   0.00   8.32  15.51   0.00   0.00   0.30   4.17  15.63  14.09  11.67   2.36   8.25   0.00   0.00   0.00   0.00   0.00   0.00  13.64  15.03   0.62   0.00   0.00   0.35   0.35   2.39   7.69  14.74
-53.18 -20.06   0.00   0.91   6.43   3.66   0.29   0.00   0.00   0.00   0.00   0.24   0.50   0.00   0.00   0.00   0.00   0.00   0.00   0.00   5.26  12.63   0.00   0.00   0.60   1.77   7.76   9.21  10.77   2.19   8.28   0.00   0.00   0.00   0.00   0.00   0.00   8.98  14.20   0.34   0.00   0.98   0.57   0.25   0.00   6.22  14.67
-52.87 -21.66   0.00   5.86   9.81   2.38   0.00   0.00   0.00   1.36   0.00   0.00   0.00   0.00   0.00   0.00   0.00   0.00   0.00   0.00   3.95   4.94   0.00   0.00   1.30   2.38  11.51   6.36  11.77   9.30  19.00   0.00   0.00   0.00   0.00   0.00   0.38   8.01   5.93   0.00   0.00  16.42   1.96   0.31   0.67  19.00  19.00
-52.91 -22.46   0.00   6.75   6.69   6.96   0.25   0.00   0.00   0.32   4.59   0.39   0.00   0.00   0.00   0.00   0.00   0.00   0.00   0.00  10.26  11.84   0.00   0.00   0.33   7.92  15.87   7.79   3.56   9.92  20.87   0.00   0.00   0.00   0.00   0.00   0.00   2.74   9.41   1.09   1.06   2.04   0.98   0.00   7.35  18.55  21.00
-50.80 -13.69   0.00   0.00   2.50   1.29   0.36   0.00   0.00   0.00   0.00   0.00   0.00   0.67   0.00   0.00   0.00   0.00   0.00   0.00   0.95   1.55   3.16   0.00   1.65   9.63   1.65   5.45   3.51   1.29   6.15   3.71   0.00   0.24   0.00   0.29   0.00  12.59   1.14   0.00   0.00   0.00   0.00   0.22   7.23   2.04  20.51
-49.26  -8.27   0.00   0.00   0.56   0.00   0.00   0.00   0.00   0.24   0.00   0.00   0.00   0.00   0.00   0.38   0.00   0.00   0.00   0.27   0.78   1.23   9.21   6.00   7.29   5.22   1.42   0.81   0.55   0.69   1.73   2.43   0.37   0.87   1.60   0.98   1.53   2.38   0.42   0.00   0.00   0.00   0.33   3.03   7.40   5.37  13.86
-48.37  -9.76   0.00   0.00   0.00   0.00   0.00   0.00   0.00   0.00   0.00   0.00   0.00   0.00   0.00   0.00   0.00   0.00   0.00   0.00   0.00   0.00   9.49  12.66   4.64   1.20   0.00   0.00   0.00   0.00   0.00   1.37   3.59   2.22   1.49   0.00   0.00   0.00   0.00   0.00   0.00   0.00   0.00   4.87   4.30   7.05   4.02
-47.39  -9.31   0.00   0.00   0.00   0.00   0.00   0.00   0.00   0.00   0.00   0.00   0.00   0.00   0.00   0.00   0.00   0.00   0.00   0.00   0.00   0.00   2.19  10.46  18.17   3.18   0.00   0.00   0.00   0.00   0.00   0.00   0.92   8.44   1.08   0.48   0.33   0.00   0.00   0.00   0.60   1.27   0.32  18.32   5.23   6.97   1.29
-47.48  -7.33   0.00   0.00   0.00   0.00   0.00   0.00   0.00   0.00   0.00   0.00   0.00   0.00   1.93   1.99   0.00   0.00   0.00   0.00   0.00   0.54   3.22   7.73  11.90   7.61   1.59   0.00   0.00   0.00   0.00   0.00   0.00   1.64   0.98   0.47   0.24   0.00   0.00   0.00   0.78   2.71   0.87  12.89   3.51   2.59   2.55
-49.65  -3.83   0.00   0.00   0.59   0.00   0.00   0.00   0.00   0.37   0.00   0.00   0.00   0.00   2.23   3.39   1.45   1.03   0.37   0.00   0.96   0.94   1.99   4.83   6.53  15.76   8.83   1.45   0.00   0.00   0.00   0.00   0.00   0.46   2.04   0.54   0.56   0.00   0.00   0.00   0.54   1.55   1.63   5.61   2.37   1.05   1.30
-51.67 -29.07   0.00   2.00   0.00   0.00   0.00   0.00  11.39  10.31   0.00   0.00   0.00   0.00   0.00   0.00   0.00   0.00   0.00  35.79   3.51   0.00   0.00   0.00   0.00   0.00   0.00   0.00   0.00  10.59  10.39   0.24   0.00   0.00   0.00   0.00  19.82  15.27   0.00   0.00  34.90   4.78   0.00  19.87  14.88   4.93   0.00
-51.39 -29.01   0.00   1.29   0.00   0.00   0.00   0.00  15.09  13.27   0.00   0.58   0.00   0.00   0.00   0.00   0.00   0.00   0.00  23.83   9.95   0.00   0.00   0.00   0.00   0.00   0.00   0.00   0.00   7.20  11.98   0.23   0.00   0.00   0.00   0.00   3.15   9.54   0.00   0.00  25.34   4.83   1.96   6.04  15.01   3.02   0.00
-53.28 -29.45   0.81   3.76   0.00   0.00   0.00   0.00   7.51   7.44   0.00   0.00   0.00   0.00   0.00   0.00   0.00   0.00   0.50  24.72   1.68   0.00   0.00   0.00   0.00   0.00   0.00   0.00   0.00  10.95   3.42   0.00   0.00   0.00   0.00   0.00  34.00   4.82   0.00   0.00  34.00   0.99   0.00  14.66   1.68   2.39   0.00
-52.54 -28.56   0.00   3.22   0.00   0.00   0.00   0.00  16.01   6.25   0.00   0.00   0.00   0.00   0.00   0.00   0.00   0.00   0.00  34.27   2.56   0.00   0.00   0.00   0.00   0.00   0.00   0.00   0.00  11.30   5.41   0.00   0.00   0.00   0.00   0.00  28.20   9.28   0.00   0.00  36.01   4.58   0.00  15.75  18.00  13.99   0.00
-53.19 -29.02   0.00   2.86   0.00   0.00   0.00   0.00  21.53   7.27   0.00   0.00   0.00   0.00   0.00   0.00   0.00   0.00   0.00  21.78   2.85   0.21   0.00   0.00   0.00   0.00   0.00   0.00   0.00   6.27   4.04   0.00   0.00   0.00   0.00   0.00  28.76   8.64   0.00   0.00  35.00   0.45   0.00  15.10   7.85   5.01   0.00
-48.87 -25.14   0.00   3.70   0.00   7.35   0.00   0.00   0.00  31.00   7.80   4.25   5.63   0.00   0.00   0.22   0.00   0.00   0.00   0.00  31.00   1.75   0.84   0.00   0.00   0.59   0.58   0.00   0.00  31.00  31.00   1.36   0.00   0.00   0.00   0.00   0.00   4.78  19.89   0.59   1.19  22.36   2.21   1.18   5.04   8.58   6.49
-49.52 -27.14   0.00   2.24   0.00   0.00   0.00   0.00   0.40  29.14  19.72   3.86   0.38   0.00   0.00   0.00   0.00   0.00   0.00   2.47  30.00   0.40   0.00   0.00   0.00   1.28   0.77   1.92   1.45  20.71   6.23   0.00   0.00   0.00   0.00   0.00   0.00   1.34   3.01   0.00   0.81  15.50   0.48  17.44  30.00   7.19   0.21
-69.12 -12.60   0.00   0.50   2.15   0.74   0.42   0.00   0.00   1.67   1.31   5.93   5.63   3.28   0.00   0.00   0.00   0.00   0.00   2.91   8.93   0.59   0.00   0.00   0.00   0.00   0.00   0.00   0.31   5.44  12.16   0.20   0.00   0.00   0.00   1.50   7.37  11.28   0.55   0.00   0.57   0.81   3.02   0.00   0.52   0.91   1.20
-59.46 -10.16   0.00   0.00   0.59   0.30   0.00   0.00   0.00   0.00   0.00   0.00   0.00   0.00   0.00   0.00   0.00   0.00   0.00   0.35  11.18   0.00   0.00   0.00   0.00   0.00   0.00  20.66   1.19   3.55   8.81   0.00   0.00   0.00   1.54   2.92  34.00   9.19   1.58   0.00   0.00   0.24   8.41   0.84   0.26   0.43   4.62
-65.35 -10.73   0.00   7.46   2.59   0.49   0.49   0.00   0.00   0.59   1.41   0.66   0.00   0.00   0.00   0.00   0.00   0.00   0.00   9.29   5.06   0.00   0.00   0.00   0.00   0.00   0.00   0.00   0.00  14.01   4.30   0.00   0.00   0.00   0.00   0.86  12.02   6.75   0.00   0.00   0.00   5.50   3.83   0.31   0.71   9.07  11.80
-58.96 -15.12   0.00   0.00   8.60   0.41   0.00   0.00   0.00   0.00   0.00   0.00   0.00   0.00   0.00   0.00   0.00   0.00   0.00  21.00   0.00   0.00   0.00   0.00   0.00   0.00   0.00   3.30   0.30  21.00   8.39   0.87   0.00   0.00   0.42   2.18  21.00  21.00   0.25   0.82   0.00   0.00   0.31   3.10   0.00   0.00   1.57
-64.65  -9.25   0.00   0.86   3.20   0.58   0.62   0.00   0.00   0.39   3.85   2.07   1.20   0.00   0.00   0.00   0.00   0.00   0.00   6.63   9.65   0.21   0.00   0.00   0.00   0.00   0.00   0.00   0.00   6.31  16.27   0.00   0.00   0.00   0.00   2.23   8.16  10.04   0.00   0.00   0.00   1.12   2.49   0.43   0.37   0.83   3.13
-64.43 -12.43   0.00   1.17   3.53   0.28   0.60   0.00   0.00   1.05   1.69   0.60   0.00   0.00   0.00   0.00   0.00   0.00   0.00  17.82   3.59   0.00   0.00   0.00   0.00   0.00   0.00   0.00   0.53  23.00   4.58   0.22   0.00   0.00   0.00   0.92  18.29  16.25   0.24   0.30   0.20   0.71   1.06   0.62   0.33   0.84   4.77
-60.70 -11.99   0.00   0.00   2.89   0.00   0.00   0.00   0.00   0.00   0.00   0.46   0.00   0.00   0.00   0.00   0.00   0.00   0.00   3.74   0.51   0.00   0.00   0.00   0.00   0.00   0.00   7.25   0.46   2.16  11.48   0.00   0.00   0.00   1.05   3.82  30.00   7.34   5.81   2.37   0.00   0.00   1.75   0.00   0.00   0.29   0.57
-63.45  -8.75   0.00   1.60   0.75   0.00   1.26   0.00   0.00   2.88   1.23   0.00   0.52   0.00   0.00   0.00   0.00   0.00   0.00   0.00  28.00   0.00   0.00   0.00   0.00   0.00   0.00   0.21   1.52   8.84  23.15   0.00   0.00   0.00   0.00  20.28  28.00  20.18   0.00   0.24   0.00   0.00   0.62   1.08   0.00   0.00   0.00
-63.97  -8.87   0.00   3.71   2.93   0.20   3.14   0.00   0.00   0.63   0.61   0.73   2.76   0.00   0.00   0.00   0.00   0.00   0.00   0.00  19.38   2.92   0.00   0.00   0.00   0.00   0.00   0.00   0.35   0.78  24.87   0.00   0.00   0.00   0.00   4.75  12.81   7.54   0.53   0.36   0.50   0.00   0.62   0.45   0.00   0.00   0.00
-52.00  -6.74   0.00   0.00   0.00   0.00   0.00   0.00   0.00   0.00   0.00   0.00   0.00   0.30   0.00   0.30   0.48   0.00   0.59   0.00   5.91   5.92   6.71   5.38  10.77  11.32   8.50   3.33   0.78   0.48   2.77   2.04   0.00   0.69   3.97   4.25   3.45   2.55   0.00   0.00   0.45   0.64   1.35   1.31   6.19   7.54  11.01
-51.77  -6.75   0.00   0.00   0.00   0.00   0.00   0.00   0.00   0.89   0.00   0.00   0.00   0.00   0.64   2.15   2.01   0.00   2.75   0.00   1.34   3.61   6.79  20.24  21.54  20.48  22.00   3.49   0.49   0.00   0.00   0.00   0.00   1.16  17.55   4.30   1.60   0.75   0.00   0.00   1.92   2.54   4.30   6.98  19.47   5.92   5.55
-51.91  -3.41   0.00   0.00   0.50   0.00   0.00   0.30   0.00   0.00   0.00   0.00   0.00   0.00   7.04   4.98   2.22   0.98   1.17   2.02   8.45   8.53   8.56   4.79   6.07  21.92  10.45   2.53   0.51   0.64   0.00   0.40   0.00   0.33  10.53   7.71   2.05   0.25   0.00   0.00   1.26   3.24   2.93   2.39   2.81   2.89   2.10
-55.77 -10.98   0.00   0.00   0.00   0.00   0.00   0.00   0.00   0.00   0.00   0.00   0.00   0.00   0.00   0.00   0.00   0.00   0.21   0.89   8.35   1.53   0.51   0.00   0.61  13.59   5.14   4.43   1.37   2.03   7.32   5.78   0.00   0.00   5.64   5.50  21.06  24.21   0.23   0.00   0.00   0.00   1.54   0.91   3.81   3.13  13.48
-57.04  -9.19   0.00   0.00   0.00   0.00   0.00   0.00   0.00   0.00   0.00   0.00   0.00   0.00   0.00   0.00   0.21   0.00   1.05   0.00  27.00  11.23   2.03   1.73  10.54   8.05  11.00   3.92   0.56   0.69   2.89   0.00   0.00   0.70   5.02  22.61   4.40   1.87   0.00   0.00   0.00   0.72   1.63   2.15   3.04   8.77   4.68
-42.57 -16.74   0.00   0.00   0.00   0.00   0.00   0.00   0.00   0.00   0.00   0.00   0.00   0.00   0.00   0.00   0.00   0.00   0.00   0.00   0.00   0.00   1.67   9.50   0.00   0.00   0.00   0.73   0.00   0.00   0.00   1.72   1.04   0.00   0.00   0.00   0.00   0.00   0.00   0.00   0.00   0.00   0.00   0.00   0.00  25.00   1.01
-39.59 -15.97   0.79   0.00   0.00   0.00   0.00   0.00   0.00   0.00   0.00   0.00   0.00   0.00   0.29   0.00   0.00   0.00   0.00   0.00   0.00   0.00   0.63   3.95   0.36   0.00   0.00   0.21   0.00   0.25   0.00   0.91   1.83   0.00   0.00   0.00   0.00   0.00   0.00   0.00   0.00   0.00   0.00   4.22   0.36   4.08   0.00
-59.47  -1.92   0.00   0.00   0.00   0.00   0.00   1.18   0.41   0.00   0.00   0.00   1.62   1.75  24.59   8.17   2.61   3.80   9.18   1.78   5.64   0.80   1.81   0.59   5.83   1.46   0.56   0.00   0.84   0.00  24.79   6.51  10.19   1.25   2.89   6.03  17.51   0.00   6.83   0.87   0.00  18.27   3.92   0.22   0.00   0.00   0.00
-54.30  -2.82   0.00   0.00   0.00   0.00   0.00   0.00   0.00   0.00   0.00   0.00   0.00   0.00   6.63   4.01   0.32   0.44   0.22   0.00   1.91   0.52   3.70   1.09   0.00   6.30   0.00   0.93   0.00   0.00   0.00   0.00   0.00   0.00  11.10   2.62   0.00   0.00   0.00   0.00   0.00   2.04   0.23   0.24   0.00   0.00   0.00
-52.52  -0.65   2.08   1.50   0.00   0.00   0.00   0.67   0.96   0.00   0.00   0.00   0.00   0.81   0.23   0.00   0.74   1.17   1.30   0.00   0.72   0.00   0.41   0.00   0.00   0.00   0.00   0.48   1.08   0.00   0.00   0.00   0.00   0.00   0.41   0.00   0.00   0.00   0.00   1.23   0.48   1.21   0.00   0.00   0.00   0.00   0.00
-51.20   0.86   2.59   0.92   0.00   0.00   0.00   1.05   0.00   0.00   0.00   0.00   0.00   0.00   0.00   0.00   1.02   0.97   0.84   0.00   0.00   0.00   0.00   0.00   0.00   0.00   0.00   0.36   0.75   0.00   0.00   0.00   0.00   0.00   0.54   0.00   0.00   0.00   0.00   0.89   1.14   1.86   0.00   0.00   0.00   0.00   0.00
-43.57  -6.75   0.00   0.00   0.00   0.00   0.00   0.00   0.00   0.00   0.00   0.00   0.00   0.00   1.25   0.00   0.00   0.00   0.00   0.00   0.00   0.00   1.99   5.75   8.33   1.80   0.00   0.00   0.00   0.00   0.00   0.00   0.00   4.89   0.00   0.83   0.00   0.00   0.00   0.00   0.80   2.05   0.29  10.12   2.80   1.00   0.93
-54.83 -17.09   0.00   0.00   3.35   2.89   0.00   0.00   0.00   0.00   0.00   0.00   0.00   0.00   0.00   0.00   0.00   0.00   0.00   0.00   1.20   1.48   0.00   0.00   0.00   1.95   3.97   0.72   4.35  25.38  11.52   0.00   0.00   0.00   0.00   0.22   1.71  27.67  11.92   0.00   0.00   0.00   0.00   0.00   8.01   2.21  29.00
-58.73 -15.24   0.00   0.00   9.84   0.21   0.00   0.00   0.00   0.00   0.00   0.00   0.00   0.00   0.00   0.00   0.00   0.00   0.00  25.85   0.00   0.00   0.00   0.00   0.00   0.00   0.00   2.55   0.34  34.00   6.17   0.91   0.00   0.00   0.27   2.76  22.84  30.42   0.00   1.18   0.00   0.00   0.45   3.84   0.00   0.00   2.97
-55.78 -14.87   0.00   0.00   5.44   0.33   0.00   0.00   0.00   0.00   0.00   0.00   0.00   0.00   0.00   0.00   0.00   0.00   0.00   0.44   1.20   0.44   0.44   0.00   0.00   8.95   1.54   0.62   1.22  14.60   4.55   2.12   0.00   0.00   1.89   0.70  27.00  14.52   5.09   0.00   0.00   0.00   0.24   2.38   5.55   1.56  27.00
-54.83 -17.61   0.00   0.00   1.65  10.36   0.00   0.00   0.00   0.00   0.00   0.00   0.27   0.00   0.00   0.00   0.00   0.00   0.00   0.00   0.24   2.36   0.00   0.00   0.00   0.68   9.12   0.72   6.13  17.69  11.41   0.00   0.00   0.00   0.00   0.00   1.62  20.25  17.69   0.00   0.00   0.00   0.00   0.00   2.43   0.91  23.00
-39.00 -12.58   4.61   0.00   0.00   0.00   0.00   0.00   0.00   0.00   0.00   0.00   0.00   0.00   0.46   1.13   1.13   0.00   0.63   0.68   0.41   0.22   0.00   0.35   0.38   0.99   2.01   1.25   2.19   1.23   0.15   0.00   4.16   0.23   0.00   3.11   6.47   0.59   0.22   0.00   0.56   0.48   0.00   1.15   0.00   0.00   0.00
-40.20 -17.90   1.50   0.00   0.00   0.00   0.00   0.00   0.00   0.00   0.00   0.00   0.00   0.00   0.00   0.00   0.00   0.00   0.00   0.00   0.00   0.00   0.00   2.04   0.31   0.00   0.30   0.45   0.00   0.31   0.00   2.14   0.00   0.00   0.00   0.00   0.00   0.00   0.00   0.00   0.00   0.00   0.00   6.25   0.00   0.00   0.00
-41.72 -20.92   0.00   0.00   0.00   0.00   0.00   0.00   0.00   0.00   0.00   0.00   0.00  36.00   0.70   0.00   0.00   0.00   0.00   0.00   0.00   0.00   4.03  10.55   0.00   0.00   0.85   0.00   0.96   0.00   0.00  31.20   1.23   0.00   0.00   0.00   0.00   0.00   0.00   0.00   0.00   0.00  10.46   2.27   0.00   8.02   2.21
-42.85 -20.21   0.00   0.00   0.00   1.66   0.00   0.00   0.00   0.00   0.00   0.00   0.00  13.45   1.73   0.00   0.00   0.00   0.00   0.00   0.00   0.00   7.82   7.03   0.00   0.00   3.03   0.55   0.00   0.00   0.00   6.71   0.50   0.00   0.00   0.00   0.00   0.00   0.00   0.00   0.00   0.00   0.98   0.00   0.00  13.32  13.25
-42.85 -19.64   0.00   0.00   0.00   0.00   0.00   0.00   0.00   0.00   0.00   0.00   0.00   8.38   0.00   0.00   0.00   0.00   0.00   0.00   0.00   0.00   0.76   2.45   0.00   0.00   1.25   3.15   0.00   0.00   0.00   5.12   0.36   0.00   0.00   0.00   0.00   0.00   0.00   0.00   0.00   0.00   0.00   0.00   0.00  33.00   2.20
-42.66 -19.12   0.00   0.00   0.00   0.00   0.00   0.00   0.00   0.00   0.00   0.00   0.00   0.68   0.00   0.00   0.00   0.00   0.00   0.00   0.00   0.00   0.00  18.67   0.42   0.00   2.25   3.40   0.00   0.00   0.00   8.16   1.76   0.00   0.00   0.00   0.00   0.00   0.00   0.00   0.00   0.00   0.00   0.97   0.00  20.47   7.66
-40.92 -19.50   0.00   0.00   0.00   0.00   0.00   0.00   0.00   0.00   0.00   0.00   0.00   2.98   0.37   0.00   0.00   0.00   0.00   0.00   0.00   0.00   1.26  13.82   0.51   0.00   1.24   0.75   0.44   0.00   0.00   9.56   1.60   0.00   0.00   0.00   0.00   0.00   0.00   0.00   0.00   0.00   1.87   4.10   0.00   7.61   1.51
-45.87 -23.37   0.00   0.00   1.25   4.15   0.32   0.00   0.00   0.00   2.96   1.30   3.82   5.59   0.33   0.00   0.00   0.00   0.00   0.00   0.00  18.56  11.64   2.66   0.00   0.34   0.00   0.00   0.26   0.00  11.94   8.92   0.58   0.00   0.00   0.00   0.00   0.00   0.00   0.00   0.00   0.98   6.52   0.76   7.90   1.93   8.14
-46.03 -23.20   0.00   0.00   2.01   0.81   0.00   0.00   0.00   0.00   1.31   0.70   4.76   2.58   0.00   0.00   0.00   0.00   0.00   0.00   0.00  23.26   5.46   0.70   0.00   0.00   0.00   0.00   1.28   0.00  23.15   5.14   0.00   0.00   0.00   0.00   0.00   0.00   0.25   0.00   0.00   0.80   8.61   0.00   0.65   5.87   6.86
-44.57 -22.53   0.00   0.00   0.83   6.93   0.99   0.00   0.00   0.00   0.48   3.06   5.69   2.61   0.00   0.00   0.00   0.00   0.00   0.00   0.00  20.04  10.33   1.03   0.00   0.57   0.21   0.00   0.99   0.48  11.25   9.08   0.00   0.00   0.00   0.00   0.00   0.00   0.00   0.00   0.00   0.66   8.31   0.00   1.59   4.64   8.96
-43.84 -22.48   0.00   0.00   0.00   8.47   0.36   0.00   0.00   0.00   0.00   0.89   3.24   5.94   0.00   0.00   0.00   0.00   0.00   0.00   0.00  14.61  24.72   2.09   0.00   0.22   0.00   0.29   0.00   0.00   0.00  12.75   0.63   0.00   0.00   0.00   0.00   0.00   0.00   0.00   0.00   0.00   6.45   0.32   0.00   2.38   8.65
-43.54 -21.91   0.00   0.00   0.00   8.70   0.45   0.00   0.00   0.00   0.00   0.00   5.82   6.21   0.00   0.00   0.00   0.00   0.00   0.00   0.00  15.06  19.24   2.53   0.00   0.30   1.10   0.39   0.00   0.00   0.00   9.69   0.00   0.00   0.00   0.00   0.00   0.00   0.00   0.00   0.00   0.00   2.44   0.00   0.00   3.01  10.40
-43.36 -21.94   0.00   0.00   0.00  11.24   0.00   0.00   0.00   0.00   0.00   0.00   5.96   5.47   0.31   0.00   0.00   0.00   0.00   0.00   0.00  11.31  23.98   3.21   0.00   0.59   1.72   0.82   0.00   0.00   0.00   9.08   0.00   0.00   0.00   0.00   0.00   0.00   0.00   0.00   0.00   0.00   0.25   0.00   0.00   9.73  11.16
-42.58 -21.84   0.00   0.00   0.00  12.89   0.40   0.00   0.00   0.00   0.00   0.00   5.87   6.30   0.78   0.00   0.00   0.00   0.00   0.00   0.00  13.38  24.89   6.82   0.00   0.30   0.67   0.42   0.31   0.00   0.00  13.53   0.56   0.00   0.00   0.00   0.00   0.00   0.00   0.00   0.00   0.00   2.84   0.21   0.00   2.72  15.11
-43.83 -22.69   0.00   0.00   0.00   5.27   0.00   0.00   0.00   0.00   0.67   0.90   0.40   7.99   0.00   0.00   0.00   0.00   0.00   0.00   0.00  12.55  25.88   6.20   0.00   0.00   0.00   0.25   0.24   0.00   0.54  12.11   0.56   0.00   0.00   0.00   0.00   0.00   0.00   0.00   0.00   0.81   1.84   0.66   0.00   0.82  10.18
-53.67 -25.51   0.00   4.77   0.00   0.47   0.00   0.00   0.00   5.76   0.94   0.39   0.00   0.00   0.00   0.00   0.00   0.00   0.00   2.20   3.91   0.00   0.00   0.00   0.00   0.00   0.00   0.00   0.00  30.00   1.93   0.00   0.00   0.00   0.00   0.00   3.06   2.82   0.32   0.00  21.60  23.54   0.00   1.22  30.00  10.96   2.32
-42.41 -21.45   0.00   0.00   0.00   7.64   0.29   0.00   0.00   0.00   0.00   0.00  14.50  19.10   1.68   0.00   0.00   0.00   0.00   0.00   0.00   2.57  21.35   6.83   0.00   0.00   2.72   1.13   0.28   0.00   0.00   5.68   0.51   0.00   0.00   0.00   0.00   0.00   0.00   0.00   0.00   0.00   0.51   0.00   0.00   9.07  20.85
-64.66  -9.26      0    0.5    2.3    0.7    0.4      0      0    1.5    1.6    5.4    5.1    2.9      0      0      0      0      0    3.4      9    0.5      0      0      0      0      0      0    0.3    5.6   12.7    0.2      0      0      0    1.6    7.5   11.1    0.5      0    0.5    0.9      3    0.1    0.5    0.9    1.5
-51.77  -3.13      0      0    0.3      0      0    0.2      0      0      0      0      0    0.1    4.9    3.6    1.8    0.7    1.1    1.4    7.5    7.7      8    5.5    7.9   19.1   10.4    2.8    0.6    0.6    0.7    0.8      0    0.5    9.1    6.7    2.4    0.9      0      0    1.1    2.5    2.6    2.3    4.3    4.2    4.6
