-50.35 -19.89   0.00   0.00   2.99   0.64   0.00   0.00   0.00   2.51   2.79  23.15   5.01   1.36   0.00   0.00   0.00   2.77   0.00   0.00   0.00   1.79   0.64   0.00   0.28   0.28   0.53   0.00   1.84   0.00   0.00   0.00   0.00   0.00   0.00   0.00   0.00   0.00   0.00   0.00   0.00   0.00   0.00   0.00   0.00   0.00   0.00
-44.63 -21.28   0.00   0.00   3.93   1.55   0.00   0.00   0.00   4.60   8.96  19.63   5.68   9.32   1.27   0.00   0.00   1.13   0.40   0.00   0.80  18.17   8.21   0.00   4.51   0.00   0.00   4.75   1.05   5.63   4.21   0.00   0.00   0.00   0.00   0.00   0.00   0.00   0.00   0.00   0.00   0.00   0.00   0.00   0.00   0.00   0.00
-48.16 -20.25   0.00   0.00   1.89   0.71   0.00   0.00   0.00   3.62   3.69  33.00   7.83   1.58   0.00   0.00   0.00   1.97   0.00   0.00   0.00   1.53   4.64   0.00   2.31   0.00   0.57   0.35   5.61   0.00   0.00   0.00   0.00   0.00   0.00   0.00   0.00   0.00   0.00   0.00   0.00   0.00   0.00   0.00   0.00   0.00   0.00
-46.95 -21.60   0.00   0.00   2.13   0.61   0.00   0.00   0.00   2.14   3.92  21.70   4.73   1.78   0.00   0.00   0.00   3.51   0.00   0.00   0.21  10.60   4.08   0.00   3.71   0.00   1.10   1.22   7.35   1.07   1.08   0.00   0.00   0.00   0.00   0.00   0.00   0.00   0.00   0.00   0.00   0.00   0.00   0.00   0.00   0.00   0.00
-45.04 -21.14   0.00   0.00   1.25   1.81   0.00   0.00   0.00   0.68   5.53   7.91   4.02   5.70   0.74   0.00   0.00   0.00   0.35   0.00   1.00  26.67   7.45   0.00   5.88   0.00   0.00   4.24   0.59   1.35   2.92   0.00   0.00   0.00   0.00   0.00   0.00   0.00   0.00   0.00   0.00   0.00   0.00   0.00   0.00   0.00   0.00
-46.32 -20.67   0.00   0.00   3.05   1.90   0.00   0.00   0.00   0.33   6.84  15.63   3.59   2.28   0.00   0.00   0.00   0.32   0.74   0.00   0.00  19.69   2.55   0.00   3.47   0.00   0.00   7.34   6.86   3.20   1.97   0.00   0.00   0.00   0.00   0.00   0.00   0.00   0.00   0.00   0.00   0.00   0.00   0.00   0.00   0.00   0.00
-49.18 -20.30   0.00   0.00   1.93   0.81   0.00   0.00   0.00   3.70   2.51  29.80   5.52   0.92   0.00   0.00   0.00   4.31   0.00   0.00   0.00   2.74   4.47   0.26   1.30   0.00   0.92   0.23   2.41   0.00   0.00   0.00   0.00   0.00   0.00   0.00   0.00   0.00   0.00   0.00   0.00   0.00   0.00   0.00   0.00   0.00   0.00
-45.67 -21.59   0.00   0.00   5.40   2.36   0.00   0.00   0.00   5.89   8.01  28.00  13.02   3.54   0.41   0.22   0.00   8.80   0.00   0.00   0.79  18.10   4.10   0.00   2.39   0.00   0.00   7.37   9.32   5.45   2.59   0.00   0.00   0.00   0.00   0.00   0.00   0.00   0.00   0.00   0.00   0.00   0.00   0.00   0.00   0.00   0.00
-48.18 -21.02   0.00   0.00   3.32   0.46   0.00   0.00   0.00   6.64   3.50  28.04   5.76   0.80   0.33   0.00   0.23   8.64   0.00   0.00   0.00   7.83   1.77   0.00   0.62   1.14   5.05   0.00   5.58   0.39   0.25   0.00   0.00   0.00   0.00   0.00   0.00   0.00   0.00   0.00   0.00   0.00   0.00   0.00   0.00   0.00   0.00
-45.49 -21.61   0.00   0.00   6.89   1.64   0.00   0.00   0.00   4.28  10.48  30.50   8.01   4.38   0.00   0.21   0.00   5.90   1.50   0.00   1.57  15.88   7.11   0.00   3.15   0.00   0.00   7.14   7.56   7.16   4.16   0.00   0.00   0.00   0.00   0.00   0.00   0.00   0.00   0.00   0.00   0.00   0.00   0.00   0.00   0.00   0.00
-48.55 -20.00   0.00   0.00   5.22   0.95   0.00   0.00   0.00   0.33   6.46  23.90   5.41   2.69   0.00   0.00   0.00   0.31   0.00   0.00   0.00   2.79   6.40   0.00   2.22   0.44   0.00   1.63   6.06   0.80   0.29   0.00   0.00   0.00   0.00   0.00   0.00   0.00   0.00   0.00   0.00   0.00   0.00   0.00   0.00   0.00   0.00
-51.65 -26.00   0.44  25.60   1.25   0.00   0.00   0.00   2.77   0.00   2.02   3.00   0.93   7.85  35.00  27.03  11.92   1.26   0.00   0.00   0.74   0.47   0.00   0.00  13.46  31.46  17.43  25.45   0.32   1.06   0.52   0.00   0.00   0.40   4.63   6.20   0.00   0.00   0.00   0.00   0.00   0.00   0.00   6.45   0.00   0.00   4.31
-52.00 -25.78   0.00  29.38   0.82   0.00   0.00   0.26   3.54   0.00   1.50   5.10   0.78   6.45  22.75  35.98  21.14   0.86   0.00   0.00   1.14   0.00   0.00   0.00  16.88  24.71  20.98  12.15   0.00   1.22   0.00   0.00   0.00   0.53   5.03   7.04   0.00   0.00   0.00   0.00   0.00   0.00   0.00   1.20   0.00   0.00   4.89
-53.48 -25.53   0.00  24.34   0.26   0.00   0.00   0.00   1.82   0.00   1.62   1.66   0.32   6.85  19.39   6.22   6.78   0.00   0.00   0.00   2.15   0.00   0.00   0.00  17.12  10.89  21.05   2.43   0.00   0.67   0.00   0.00   0.00   1.27   5.33   7.57   0.00   0.00   0.00   0.00   0.00   0.00   0.00   0.23   0.00   0.00   2.71
-51.74 -25.49   0.00  15.51   0.87   0.00   0.00   0.00   1.73   0.00   1.19   0.78   0.47  12.98  16.53  17.04  16.25   2.34   0.00   0.00   5.25   0.64   0.00   0.00   3.33   3.39   5.19  11.81   0.00   0.49   0.60   0.00   0.00   0.21   2.23   4.42   0.00   0.00   0.00   0.00   0.00   0.00   0.00   3.79   0.00   0.00   4.84
-51.08 -26.23   0.45  18.32   3.84   0.00   0.00   0.00   2.91   0.00   4.90   2.66   0.75   5.02  14.10   5.80  11.02   2.29   0.00   0.00   0.00   1.02   0.00   0.00   4.60  21.49   8.75  13.12   0.58   3.42   0.51   0.00   0.00   0.00   0.00   1.47   0.00   0.00   0.00   0.00   0.00   0.00   0.00   5.70   0.00   0.00   0.26
-53.74 -24.19   0.00  17.41   0.22   0.00   0.00   0.00   1.10   0.86   1.88   0.54   0.00  17.17   4.60   0.57   4.08   0.30   0.00   0.00   4.21   0.33   0.00   0.00   6.03   9.54   1.26   0.80   1.15   0.61   0.00   0.00   0.00   0.00   0.78   7.11   0.00   0.00   0.00   0.00   0.00   0.00   0.00   0.43   0.00   0.00   1.13
-54.56 -22.97   0.00  15.31   0.00   0.00   0.00   0.00  12.00   0.00   0.00   0.00   0.51   0.70   0.00   0.00   0.69   0.00   0.00   0.00   0.52   0.00   0.00   0.00   0.00   6.22   1.17   2.76  21.88   0.00   0.00   0.00   0.00   0.00   0.00  19.53   0.00   0.00   0.00   0.00   0.00   0.00   0.00   0.00   0.00   0.00   0.31
-54.58 -25.42   0.00  17.96   0.00   0.00   0.00   0.00   1.89   0.00   0.57   0.42   0.39   4.08   1.31   0.00   1.23   0.00   0.00   0.00   3.17   0.00   0.00   0.00   8.73   8.76  14.98   8.96  15.96   0.24   0.00   0.00   0.00   0.00   0.68  11.18   0.00   0.00   0.00   0.00   0.00   0.00   0.00   0.00   0.00   0.00   0.49
-53.53 -22.38   0.00  11.16   0.00   0.00   0.00   0.00   0.58   0.00   0.00   1.05   0.54   0.29   0.00   0.00   0.25   0.67   0.00   0.00   0.00   0.00   0.00   0.00   0.00   0.24   5.38   2.83  20.28   0.00   0.00   0.00   0.00   0.00   0.00  18.86   0.00   0.00   0.00   0.00   0.00   0.00   0.00   0.00   0.00   0.00   0.00
-53.17 -23.18   0.00  10.56   0.28   0.00   0.00   0.00   3.00   2.35   3.65   1.47   0.36  11.13   1.67   0.73   1.65   0.21   0.00   0.00   2.45   1.85   0.00   0.00   0.37   6.10   5.50   3.12   2.88   1.16   0.00   0.00   0.00   0.00   0.00   1.13   0.00   0.00   0.00   0.00   0.00   0.00   0.00   0.34   0.00   0.00   0.92
-48.54 -17.99   0.00   0.00   0.00   2.89   0.29   0.00   0.00   0.00  16.34   1.71   1.09   0.00   0.00   0.00   0.00   0.00   0.00   2.17   0.00   3.32   5.28   0.50   5.24   1.01   0.00   0.00   0.00   4.88   0.00   0.00   0.00   0.00   0.00   0.00   0.00   0.00   0.00   0.00   0.00   0.00   0.00   0.00   0.00   0.00   0.00
-48.67 -16.15   0.00   0.00   0.00   2.63   0.73   0.00   0.00   0.00  16.92   2.38   0.28   0.00   0.31   0.00   0.00   0.00   0.29   2.79   0.00   6.41   8.55   0.42  10.10   0.83   0.00   0.00   0.00   6.87   0.27   0.00   0.00   0.00   0.00   0.00   0.00   0.00   0.00   0.00   0.00   0.00   0.00   0.00   0.00   0.00   0.00
-47.98 -18.45   0.00   0.00   0.00   3.25   0.00   0.00   0.00   0.00   2.56   8.46   1.73   1.84   0.00   0.00   0.00   0.00   0.24   2.99   0.00   1.99   4.25   1.21   4.17   0.48   0.00   1.05   4.32   3.97   0.95   0.00   0.00   0.00   0.00   0.00   0.00   0.00   0.00   0.00   0.00   0.00   0.00   0.00   0.00   0.00   0.00
-49.10 -18.42   0.00   0.00   1.10   3.38   0.00   0.00   0.00   0.00   8.42   9.21   2.00   1.05   0.00   0.00   0.00   0.00   0.00   0.35   0.00   1.11   3.62   0.23   2.38   0.99   0.00   0.00   2.67   2.75   0.00   0.00   0.00   0.00   0.00   0.00   0.00   0.00   0.00   0.00   0.00   0.00   0.00   0.00   0.00   0.00   0.00
-47.70 -19.13   0.00   0.00   1.53   3.00   0.00   0.00   0.00   0.00   2.94  18.62   2.88   3.56   0.00   0.00   0.00   0.00   0.25   0.40   0.00   3.05   9.48   0.21   2.63   0.21   0.00   1.67  15.06   1.80   0.47   0.00   0.00   0.00   0.00   0.00   0.00   0.00   0.00   0.00   0.00   0.00   0.00   0.00   0.00   0.00   0.00
-50.16 -18.07   0.00   0.00   1.91   2.57   0.00   0.00   0.00   0.97  10.10   1.56   0.83   0.74   0.00   0.00   0.00   1.57   0.00   0.00   0.00   1.40   3.01   2.87   1.35   1.75   0.00   0.00   0.00   1.53   0.00   0.00   0.00   0.00   0.00   0.00   0.00   0.00   0.00   0.00   0.00   0.00   0.00   0.00   0.00   0.00   0.00
-47.68 -18.05   0.00   0.00   0.00   1.60   0.00   0.00   0.00   0.00  12.45   1.59   0.33   0.29   0.00   0.00   0.00   0.00   0.00   4.29   0.00   0.00   2.78   0.58   3.38   0.25   0.00   0.00   0.00   3.16   0.21   0.00   0.00   0.00   0.00   0.00   0.00   0.00   0.00   0.00   0.00   0.00   0.00   0.00   0.00   0.00   0.00
-50.50 -19.02   0.00   0.00   3.74   2.38   0.00   0.00   0.00   0.00  12.07   6.42   2.54   1.45   0.00   0.00   0.00   2.37   0.00   0.00   0.00   0.79   2.36   0.58   1.87   0.92   0.00   0.00   1.16   1.80   0.00   0.00   0.00   0.00   0.00   0.00   0.00   0.00   0.00   0.00   0.00   0.00   0.00   0.00   0.00   0.00   0.00
-50.52 -22.94   0.00   0.90   6.36   0.00   0.00   0.00   0.00   1.54   3.15  14.20   9.98   0.85   0.00   0.00   4.85   9.14   0.00   0.00   0.00   0.78   0.00   0.00   0.00   6.24   4.53   2.17   2.53   0.00   0.32   0.00   0.00   0.00   0.00   0.00   0.00   0.00   0.00   0.00   0.00   0.00   0.00   0.00   0.00   0.00   0.00
-51.33 -22.65   0.00   4.87   2.22   0.00   0.00   0.00   0.46   3.25   5.83  11.64   4.25   7.02   0.00   0.00   3.15  11.44   0.00   0.00   1.05   1.85   0.00   0.00   0.00   0.89   4.91   4.13   0.99   0.00   0.39   0.00   0.00   0.00   0.00   0.00   0.00   0.00   0.00   0.00   0.00   0.00   0.00   0.00   0.00   0.00   0.00
-49.73 -23.01   0.00   3.57   6.18   0.00   0.00   0.00   0.92   7.56   7.83  11.37   3.62   8.11   0.00   0.00   9.15  23.13   0.00   0.00   3.29   4.51   0.00   0.00   0.00   5.11   1.43   9.33   3.19   0.00   1.51   0.00   0.00   0.00   0.00   0.00   0.00   0.00   0.00   0.00   0.00   0.00   0.00   0.00   0.00   0.00   0.00
-49.23 -23.22   0.00   0.23   7.00   0.00   0.00   0.00   0.93   3.27   2.65  18.00   3.25   2.59   0.00   0.00  13.46  24.00   0.00   0.00   1.59   5.49   0.00   0.00   0.00   4.16   4.52   3.53   3.63   0.00   0.93   0.00   0.00   0.00   0.00   0.71   0.00   0.00   0.00   0.00   0.00   0.00   0.00   0.00   0.00   0.00   0.00
-50.71 -24.06   0.00  11.52   1.26   0.00   0.00   0.00   1.59   3.11   7.27   1.51   1.59  25.67   1.10   3.66   5.41   2.56   0.00   0.00   4.35   2.59   0.00   0.00   0.00  14.98   8.44  14.56   1.54   0.00   0.84   0.00   0.00   0.00   0.00   0.47   0.00   0.00   0.00   0.00   0.00   0.00   0.00   1.45   0.00   0.00   0.00
-52.87 -22.50   0.00   4.67   0.26   0.00   0.00   0.00   0.00   0.00   4.74   5.00   1.69   7.19   0.00   0.00   0.51   1.04   0.00   0.00   0.00   0.23   0.00   0.00   0.00   0.22   9.52   1.64   4.74   0.00   0.00   0.00   0.00   0.00   0.00   0.00   0.00   0.00   0.00   0.00   0.00   0.00   0.00   0.00   0.00   0.00   1.42
-47.33 -16.21   0.00   0.00   0.00   2.01   0.00   0.00   0.00   0.00   8.60   0.75   0.00   0.00   0.00   0.00   0.00   0.00   0.00   0.00   0.00   0.00   2.91   0.00  10.04   0.00   0.00   0.00   0.00   0.78   0.00   0.00   0.00   0.00   0.00   0.00   0.00   0.00   0.00   0.00   0.00   0.00   0.00   0.00   0.00   0.00   0.00
-44.76 -18.95   0.00   0.00   0.00   0.89   0.00   0.00   0.00   0.00   7.80   1.24  10.76   3.97   0.77   0.00   0.00   0.00   0.67   0.00   0.00  12.00   4.63   0.00   4.94   0.00   0.00   1.37   0.00   5.00   3.54   0.58   0.00   0.00   0.00   0.00   0.00   0.00   0.00   0.00   0.00   0.00   0.00   0.00   0.00   0.00   0.00
-44.86 -15.93   0.00   0.00   0.00   0.43   0.00   0.00   0.00   0.00   2.18   0.00   0.00   0.00   0.00   0.00   0.00   0.00   0.00   0.67   0.24   0.00   2.19   0.00   2.35   0.00   0.00   0.00   0.00   0.00   0.36   0.00   0.00   0.00   0.00   0.00   0.00   0.00   0.00   0.00   0.00   0.00   0.00   0.00   0.00   0.00   0.00
-45.07 -16.37   0.00   0.00   0.00   2.55   0.00   0.00   0.00   0.00   6.16   1.15   1.36   1.44   0.22   0.00   0.00   0.00   0.53   1.45   0.00   0.88   4.92   0.34   3.71   0.00   0.00   0.00   0.22   5.78   1.53   0.35   0.00   0.00   0.00   0.00   0.00   0.00   0.00   0.00   0.00   0.00   0.00   0.00   0.00   0.00   0.00
-45.27 -18.16   0.00   0.00   0.49   1.03   0.00   0.00   0.00   0.00  10.21   9.53   4.18   3.97   0.00   0.00   0.00   0.00   0.31   0.00   0.00  10.42   5.90   0.00   2.54   0.00   0.00   1.65   0.41  13.31   2.74   0.00   0.00   0.00   0.00   0.00   0.00   0.00   0.00   0.00   0.00   0.00   0.00   0.00   0.00   0.00   0.00
-43.83 -11.35   0.00   0.00   0.00   0.00   0.00   0.00   0.00   0.59   0.00   0.00   0.00   0.00   0.00   0.00   0.00   0.00   0.00   0.00   0.00   0.00   0.00   0.00   0.00   0.00   0.00   0.00   0.00   0.00   0.00   0.00   0.00   0.00   0.00   0.00   0.00   0.00   0.00   0.00   0.00   0.00   0.00   0.00   0.00   0.00   0.00
-48.55 -22.52   0.00   0.00   5.81   0.00   0.00   0.00   0.00   1.45   3.87  20.39   8.00   1.31   0.74   0.00   7.47  16.63   0.00   0.00   0.00  15.79   3.68   0.00   0.24   3.20   4.28   0.25   2.35   0.00   0.51   0.00   0.00   0.00   0.00   0.00   0.00   0.00   0.00   0.00   0.00   0.00   0.00   0.00   0.00   0.00   0.00
-46.91 -23.46   0.00   0.00   6.02   0.00   0.00   0.00   0.00   2.56   0.78  24.73   4.07   2.25   0.51   0.00   2.96  11.06   0.00   0.00   0.00  10.30   2.87   0.00   0.00   0.00   0.00   0.00   0.20   0.00   2.90   0.00   0.00   0.00   0.00   0.00   0.00   0.00   0.00   0.90   0.00   0.00   0.00   0.00   0.00   0.00   0.00
-48.99 -21.76   0.00   0.00   1.95   0.00   0.00   0.00   0.00   6.32   3.66  15.95  12.53   1.75   0.00   0.00   5.05  11.13   0.00   0.00   0.00   2.73   0.31   0.00   0.50   7.23   8.98   0.00   2.79   0.00   0.00   0.00   0.00   0.00   0.00   0.00   0.00   0.00   0.00   0.00   0.00   0.00   0.00   0.00   0.00   0.00   0.00
-50.20 -21.12   0.00   0.00   1.47   0.00   0.00   0.00   0.00   6.23   0.73  12.71   3.98   6.14   0.00   0.00   1.04   9.83   0.00   0.00   0.00   1.36   0.36   0.00   0.38   1.24   4.89   0.00   2.55   0.00   0.00   0.00   0.00   0.00   0.00   0.00   0.00   0.00   0.00   0.00   0.00   0.00   0.00   0.00   0.00   0.00   0.00
-48.30 -13.40   0.00   0.00   0.00   1.78   0.60   0.00   0.00   1.63   6.48   2.24   0.41   0.00   0.00   0.00   0.00   0.00   0.00   0.55   0.00   3.26   3.78   1.96   3.52   0.47   0.00   0.00   0.00   1.80   0.00   0.47   0.00   0.00   0.00   0.00   0.00   0.00   0.00   0.00   0.00   0.00   0.00   0.00   0.00   0.00   0.00
-51.20 -27.78   0.00  21.88   0.22   0.00   0.00  20.03  22.20   0.00   0.39   7.65   0.88   2.48  12.41  31.00  31.00   0.00   0.00   0.00   0.00   1.28   0.00   0.00   8.45  31.00  19.82   7.76   5.81   4.81   0.00   0.26   0.00   0.21   5.59   0.73   0.00   0.00   1.18   0.00   0.00   8.39   3.64   0.69   0.27   0.00  13.47
-51.33 -27.60   0.80  30.00   0.48   0.00   0.00   5.62  12.67   0.00   1.50   7.27   0.61   2.16  19.21  30.00  23.81   0.00   0.00   0.00   0.00   0.00   0.00   0.00  14.42  30.00  15.47  12.58   1.24   4.02   0.00   0.00   0.00   0.00   1.20   0.92   0.00   0.00   0.70   0.00   0.00   0.81   0.28   2.25   0.29   0.00   8.00
-53.04 -27.14   0.00  14.75   0.00   0.00   0.00   1.81   5.33   0.00   0.29   9.10   0.00   3.44  16.20  36.00  28.39   0.00   0.00   0.00   0.00   0.00   0.00   0.00   9.53  35.67  32.57  19.70   2.91   4.34   0.58   0.49   0.00   0.60  12.00   2.25   0.00   0.00   0.00   0.00   0.00   0.00   0.00   0.00   0.00   0.00   9.89
-52.38 -27.27   0.00  27.99   0.35   0.00   0.00   1.46   5.83   0.00   1.18   9.48   0.61   1.31  16.69  32.00  18.93   0.00   0.00   0.00   0.00   0.00   0.00   0.00  11.80  32.00  13.68  16.08   1.06   3.35   0.00   1.48   0.00   0.00   4.77   2.32   0.00   0.00   0.00   0.00   0.00   0.00   0.00   1.44   0.19   0.00   6.95
-51.78 -27.52   0.00  12.12   0.00   0.00   0.00   7.72  19.83   0.00   1.34   4.31   0.58   0.91  24.07  37.00  22.78   0.00   0.00   0.00   0.00   0.78   0.00   0.00  12.59  37.00  13.07  15.47   2.13   4.95   0.00   1.87   0.22   0.54   5.32   0.00   0.00   0.00   0.00   0.00   0.00   0.33   0.00   0.00   0.00   0.00  13.54
-52.73 -27.35   0.00   9.61   0.00   0.00   0.00   5.65   9.31   0.00   1.44   3.79   0.00   1.77  26.75  32.00  20.05   0.00   0.00   0.00   0.00   0.26   0.00   0.00  16.71  32.00  32.00  10.75   6.26   2.20   1.54   8.04   3.28   0.65  10.95   0.34   0.00   0.00   0.39   0.00   0.00   0.42   0.00   0.00   0.00   0.00  19.42
-52.54 -26.66   0.00  37.00   0.34   0.00   0.00   0.00   3.94   0.00   4.82  10.89   0.75   2.26  12.65  21.80  16.17   0.00   0.00   0.00   0.00   0.00   0.00   0.00   7.64  16.66  16.85  14.21   0.48   2.85   0.00   0.00   0.00   0.00  11.59   7.83   0.00   0.00   0.00   0.00   0.00   0.00   0.00   0.34   0.00   0.00   1.68
-55.05 -28.14   1.71  23.33   0.00   0.00   0.00   3.59   1.28   0.00   0.36   2.14   0.00   0.00  32.00   7.26   4.56   0.00   0.00   0.00   0.00   0.00   0.00   0.00  14.89  32.00  32.00  24.60  20.14   0.00   0.70  15.60   9.90   0.00  26.75   0.42   0.00   0.00   0.00   0.00   2.46   6.36   8.40   0.67   0.00  17.61  32.00
-51.87 -18.68   0.00   0.00   1.60   0.34   0.00   0.00   0.00   3.23   2.39   5.24   1.75   3.73   0.00   0.00   0.00   1.62   0.00   0.00   0.00   0.00   0.00   1.11   2.51   1.31   0.00   0.00   0.00   2.38   0.00   0.00   0.00   0.00   0.00   0.00   0.00   0.00   0.00   0.00   0.00   0.00   0.00   0.00   0.00   0.00   0.00
-50.76 -19.16   0.00   0.00   1.79   0.52   0.52   0.00   0.00   1.50   7.38   9.72   1.88   2.77   0.00   0.00   0.00   3.27   0.00   0.00   0.00   0.00   0.00   0.82   6.44   0.67   0.85   0.00   0.00   0.48   0.00   0.00   0.00   0.00   0.00   0.00   0.00   0.00   0.00   0.00   0.00   0.00   0.00   0.00   0.00   0.00   0.00
-50.64 -19.12   0.00   0.00   2.33   0.41   0.00   0.00   0.00   0.29   8.50   5.82   0.85   2.17   0.00   0.00   0.00   5.59   0.00   0.00   0.00   0.00   0.00   1.80   4.05   1.28   0.48   0.00   0.00   0.67   0.00   0.00   0.00   0.00   0.00   0.00   0.00   0.00   0.00   0.00   0.00   0.00   0.00   0.00   0.00   0.00   0.00
-51.35 -20.40   0.00   0.00   3.94   0.24   0.22   0.00   0.00   4.70   6.18  10.58   5.72   1.42   0.00   0.00   0.21   2.39   0.00   0.00   0.00   0.56   0.00   0.21   3.77   0.22   6.44   0.00   1.60   0.00   0.00   0.00   0.00   0.00   0.00   0.00   0.00   0.00   0.00   0.00   0.00   0.00   0.00   0.00   0.00   0.00   0.00
-51.63 -20.86   0.00   0.39   7.64   0.00   0.22   0.00   0.00   3.43   1.38   5.59   4.63   1.14   0.00   0.00   0.98   2.95   0.00   0.00   0.00   0.35   0.00   0.00   2.87   1.47  12.63   0.00   0.35   0.32   0.00   0.00   0.00   0.00   0.00   0.00   0.00   0.00   0.00   0.00   0.00   0.00   0.00   0.00   0.00   0.00   0.00
-53.18 -20.06   0.00   3.17  13.62   0.00   0.00   0.00   0.00   0.88   0.27   0.84   1.55   0.56   0.00   0.00   1.75   2.16   0.00   0.00   0.00   0.00   0.00   0.00   0.47   2.88   6.43   0.00   0.42   0.29   0.00   0.00   0.00   0.00   0.00   0.00   0.00   0.00   0.00   0.00   0.00   0.00   0.00   0.00   0.00   0.00   0.25
-52.87 -21.66   0.00   9.27   2.13   0.00   0.00   0.00   0.00   0.43   0.00   2.05   1.13   3.02   0.00   0.00   1.13   4.43   0.00   0.00   0.00   0.00   0.00   0.00   0.00   1.67  12.75   0.24  11.47   0.34   0.00   0.00   0.00   0.00   0.00   1.48   0.00   0.00   0.00   0.00   0.00   0.00   0.00   0.00   0.00   0.00   0.00
-52.91 -22.46   0.00   4.38   4.97   0.00   0.00   0.00   0.00   1.19   0.44   6.96   6.70   4.74   0.00   0.00   0.82   6.28   0.00   0.00   0.00   0.86   0.00   0.00   0.28   0.28  17.10   1.14   4.13   0.00   0.00   0.00   0.00   0.00   0.00   0.00   0.00   0.00   0.00   0.00   0.00   0.00   0.00   0.00   0.00   0.00   0.00
-50.80 -13.69   0.00   0.00   1.48   1.43   0.00   0.00   0.00   1.29   6.21   2.57   1.24   0.56   0.00   0.00   0.00   1.52   0.00   0.00   0.00   1.78   1.58   1.52   1.12   0.52   0.00   0.00   0.00   1.26   0.00   0.00   0.41   0.00   0.00   0.00   0.00   0.00   0.00   0.00   0.00   0.00   0.00   0.00   0.00   0.00   0.00
-49.26  -8.27   0.00   0.00   0.26   0.34   0.00   0.34   3.25   5.82   2.81   1.13   1.05   0.24   0.00   0.00   0.00   0.45   0.00   0.00   1.15   1.96   4.00   0.82   0.49   0.00   0.00   0.00   0.00   0.00   0.00   0.00   0.00   0.00   0.29   0.48   0.00   0.00   0.00   0.00   0.00   0.00   0.00   0.00   0.91   0.00   0.00
-48.37  -9.76   0.00   0.00   0.00   0.25   0.00   0.00   0.40   5.72   1.77   1.45   0.00   0.00   0.00   0.00   0.00   0.00   0.00   0.00   0.00   0.99   1.37   0.93   1.47   0.00   0.00   0.00   0.00   0.00   0.00   0.00   0.00   0.00   0.00   0.00   0.00   0.00   0.00   0.00   0.00   0.00   0.00   0.00   0.00   0.00   0.00
-47.39  -9.31   0.00   0.00   0.00   0.00   0.23   0.00   1.71  11.31   0.41   0.51   0.49   0.00   0.00   0.00   0.00   0.00   0.00   0.00   0.00   0.00   0.00   0.00   0.00   0.00   0.00   0.00   0.00   0.00   0.00   0.00   0.00   0.00   0.00   0.00   0.00   0.00   0.00   0.00   0.00   0.00   0.00   0.00   0.00   0.00   0.00
-47.48  -7.33   0.00   0.00   0.00   0.00   1.24   1.02  15.08   4.77   0.37   2.08   1.59   0.34   0.41   0.00   0.00   0.00   0.00   0.41   2.83   0.00   0.00   0.00   0.00   0.00   0.00   0.00   0.00   0.00   0.00   0.00   0.00   0.00   0.00   0.00   0.28   0.00   0.00   0.00   0.00   0.00   0.00   0.00   0.61   0.00   0.00
-49.65  -3.83   0.00   0.00   0.00   0.00   0.97   1.45   6.51   5.13   0.44   1.22   4.25   2.09   1.08   0.00   0.00   0.00   0.00   0.68   4.76   0.54   0.00   0.00   0.00   0.00   0.00   0.00   0.00   0.00   0.00   0.00   0.00   0.62   0.46   0.00   0.00   0.63   0.00   0.00   0.26   0.00   0.00   0.33   1.15   0.30   0.00
-51.67 -29.07   0.00   7.15   0.00   0.00   0.00  21.41  10.35   0.00   0.21   6.13   0.46   1.12  16.87  37.00  11.48   0.00   0.00   0.00   0.00   0.51   0.00   0.00   8.63  32.15  34.76   4.24  12.29   3.91   0.00   0.94   1.95   0.00   3.94   0.96   0.00   0.00   4.08   0.00   0.00   2.75   0.80   0.00   0.00   0.00  33.10
-51.39 -29.01   0.00  13.70   0.00   0.00   0.00  22.02  11.86   0.00   0.00   5.38   1.33   2.17  30.00  30.00  11.30   0.00   0.00   0.00   0.00   0.61   0.00   0.00   4.34  25.31  22.86   7.82   8.53   6.20   0.00   0.94   0.85   0.00   2.54   2.43   0.00   0.26   3.46   0.00   0.28  10.87   4.25   0.25   0.00   0.00  30.00
-53.28 -29.45   4.63  27.93   0.28   0.00   0.00   3.45   0.00   0.00   0.00   2.72   0.00   0.00  34.00  12.99   5.24   0.00   0.00   0.00   0.00   0.00   0.00   0.00   6.01  34.00  31.41  34.00  16.58   0.33   0.00  14.42   5.61   0.00  20.82   0.48   0.00   0.58  20.04   0.00   3.50   5.32   7.91   3.35   0.00  34.00  34.00
-52.54 -28.56   0.00   7.97   0.00   0.00   0.00  11.54  10.59   0.00   0.97   3.32   0.00   0.58  27.94  39.00  12.51   0.00   0.00   0.00   0.00   0.84   0.00   0.00  14.55  39.00  39.00   7.90   3.26   1.48   0.00   8.58   3.59   0.22   8.94   0.00   0.00   0.00   0.24   0.00   0.00   3.09   0.00   0.00   0.00   0.00  23.99
-53.19 -29.02   1.01  15.75   0.00   0.00   0.00  11.36   2.34   0.00   0.49   3.68   0.00   0.41  26.69  26.29   7.81   0.00   0.00   0.00   0.00   0.00   0.00   0.00  13.49  35.00  35.00  16.59  14.27   0.25   0.00   8.96   5.51   0.00  15.78   0.38   0.00   0.00   2.04   0.00   1.25   3.81   1.95   3.14   0.00   3.52  35.00
-48.87 -25.14   0.63   7.11   2.52   0.00   0.00   0.00   3.56   1.89   4.59   1.89   4.79  10.20   2.90   0.42  13.23   9.26   0.00   0.00   0.80   2.93   0.00   0.00   0.00  11.16   1.55  10.25   4.57   1.09   1.14   0.00   0.00   0.00   0.00   0.36   0.00   0.00   0.00   0.00   0.00   0.00   0.00   0.21   0.00   0.00   0.00
-49.52 -27.14   0.60  30.00   0.90   0.00   0.00   2.45   8.94   0.00   4.05  11.82   0.64   4.51  19.35  30.00  18.80   0.00   0.00   0.00   0.00   0.00   0.00   0.00   5.75  30.00   4.40   8.61   0.35   7.85   0.73   0.00   0.00   0.00   0.00   1.30   0.34   0.00   0.80   0.38   0.00   1.61   0.30   3.55   0.90   0.00   0.75
-69.12 -12.60   0.00   0.00   0.45   0.34   0.00   0.00   0.00   0.94   0.50   0.89   1.98   0.51   0.00   0.34   0.00  10.32   0.00   0.00   0.00   1.18   2.56   1.09   1.17   8.47   2.57   0.86   0.00   0.00   0.00   0.00   0.00   0.00   0.42   2.05   0.00   0.00   0.00   1.50   1.69   2.58   0.00   4.61   0.79   5.85  10.36
-59.46 -10.16   0.00   0.00   9.33   0.00   0.00   0.48   2.95  21.57   4.75   2.19   0.00   2.26   0.26   0.36   0.00   0.46   0.00   0.00   0.00   6.15  11.82   0.31   0.00   0.00   0.00   0.00   0.00   0.00   0.00   0.00   0.00   0.00   0.00   3.31   1.69   0.00   0.00   0.00   0.00   0.00   0.00   7.35   3.86   6.09   0.00
-65.35 -10.73   0.00   4.36   1.39   0.00   0.00   0.00   1.28   1.22   0.00   0.50   0.86   0.00   0.00   0.53   5.50   0.79   0.00   0.00   0.00   0.00   0.42   0.00   0.61   4.60   0.47   0.21   0.00   0.00   0.00   0.00   0.00   0.00   0.00   6.88   0.57   0.00   0.00   0.00   0.00   0.89   0.27   1.93   0.98   1.58  13.25
-58.96 -15.12   0.00   0.00   0.27   0.00   0.00   0.00   0.00   0.44   0.00   6.18   0.72   0.00   0.00   0.00   0.67   0.00   0.00   0.00   0.00   0.00   0.00   0.00   0.00   0.00   0.00   0.00   0.00   0.00   0.00   0.00   0.00   0.00   0.00  16.21   0.00   0.00   0.00   0.00   0.00   0.00   0.00   0.00   1.18   0.00   0.00
-64.65  -9.25   0.00   0.00   1.46   0.82   0.00   0.00   0.00   4.43   1.17   1.38   0.81   0.00   0.00   0.00   5.07   6.36   0.00   0.00   0.00   0.00   1.95   0.92   0.26   7.13   4.83   1.00   0.00   0.00   0.00   0.00   0.00   0.00   0.00   2.81   1.39   0.00   0.00   1.35   2.37   2.12   0.28   1.75   1.43   3.94   7.11
-64.43 -12.43   0.00   3.49   7.28   0.28   0.00   0.00   0.56   3.41   0.57   1.61   0.46   0.00   0.00   0.00   3.36   0.29   0.00   0.00   0.00   0.00   0.52   0.41   0.00   0.00   0.00   0.00   0.00   0.00   0.00   0.00   0.00   0.00   0.00  15.90   0.65   0.00   0.32   0.00   0.00   0.41   0.29   0.90   3.88   0.78   3.49
-60.70 -11.99   0.00   0.00  10.30   0.00   0.00   0.00   0.00  28.71   6.92   0.33   0.00   0.00   0.00   0.00   0.31   1.12   0.00   0.00   0.00   1.92   6.30   0.57   0.00   0.00   0.00   0.00   0.00   0.00   0.00   0.00   0.00   0.00   0.00   0.43   2.86   0.00   0.00   0.00   0.00   0.00   0.00   1.08  12.13   6.18   0.00
-63.45  -8.75   0.00   0.00  18.85   0.00   0.00   1.11   0.00  28.00   6.61   2.71   0.00   0.21   0.00   1.03   0.37   1.61   0.00   0.00   0.00   1.36  18.02   1.07   0.00   0.00   0.00   0.00   0.00   0.00   0.00   0.00   0.00   0.00   0.00   3.61   0.00   0.00   0.00   0.00   0.00   0.00   0.00  20.90  21.60   7.39   0.00
-63.97  -8.87   0.00   0.00   0.62   0.23   0.00   0.77   0.00  20.42   3.02   1.56   0.00   0.00   0.00   0.21   0.77   4.67   0.00   0.00   0.00   0.00   8.56   7.47   0.00   0.00   0.00   0.00   0.00   0.00   0.00   0.00   0.00   0.00   0.00   0.00   0.23   0.00   0.71   0.00   0.22   0.00   0.00   8.04   7.06   7.79   0.00
-52.00  -6.74   0.00   0.00   0.33   0.36   0.00   0.51   4.41  24.00   3.03   0.93   0.83   0.72   0.55   0.45   0.00   0.49   0.00   0.00   3.86   3.52   8.37   0.75   0.49   0.00   0.00   0.00   0.00   0.00   0.00   0.00   0.38   0.00   0.59   0.53   0.00   0.00   0.00   0.00   0.00   0.00   0.45   0.00   1.24   0.50   0.36
-51.77  -6.75   0.00   0.00   0.00   0.30   0.00   3.38  22.00  21.96   1.78   1.92   4.29   2.25   2.52   0.30   0.00   0.00   0.45   0.68  22.00   9.08   3.37   0.00   0.00   0.00   0.00   0.00   0.00   0.00   0.00   0.00   0.72   0.00   2.62   0.00   0.00   1.03   0.00   0.00   0.49   0.78   0.00   0.52   9.55   1.88   0.30
-51.91  -3.41   0.00   0.00   0.00   0.00   0.00   3.90  11.88   6.76   0.72   0.48   2.83   3.75   3.10   0.90   0.00   0.00   0.00   1.47  10.42   2.58   1.97   0.00   0.00   0.00   0.00   0.00   0.00   0.00   0.00   0.00   0.46   0.28   1.26   0.00   0.00   0.00   0.00   0.00   1.42   0.55   1.74   0.42   2.09   1.51   0.00
-55.77 -10.98   0.00   0.00   0.50   0.00   0.00   0.00   1.24  23.39   3.29   0.37   0.24   0.83   0.00   0.30   0.00   0.69   0.00   0.00   0.00   0.91   4.73   0.40   0.00   0.00   0.00   0.00   0.00   0.00   0.00   0.00   0.00   0.00   0.00   3.93   0.45   0.00   0.00   0.00   0.00   0.00   0.00   0.33   0.60   0.00   0.00
-57.04  -9.19   0.00   0.00   0.00   0.00   0.25   0.21   3.06  27.00   6.78   0.35   0.21   1.75   0.30   0.72   0.00   0.00   0.00   0.00   2.00  10.53   3.74   0.39   0.00   0.00   0.00   0.00   0.00   0.00   0.00   0.00   0.00   0.00   0.26   0.00   0.00   0.00   0.00   0.00   0.00   0.00   0.00   0.67   6.37   0.68   0.29
-42.57 -16.74   0.00   0.00   0.00   1.22   0.00   0.00   0.00   0.00   1.32   0.00   0.00   0.50   0.00   0.00   0.00   0.00   0.00   0.00   0.00   0.00   9.70   0.00   0.00   0.00   0.00   0.00   0.00   1.97   5.18   0.00   0.00   0.00   0.00   0.00   0.00   0.00   0.00   0.00   0.00   0.00   0.00   0.00   0.00   0.00   0.00
-39.59 -15.97   0.00   0.00   0.00   2.39   0.00   0.00   0.00   0.00   1.13   0.00   0.00   0.68   0.00   0.00   0.00   0.00   0.55   0.34   0.29   0.28   6.24   0.00   0.00   0.00   0.00   0.00   0.00   0.36   2.25   0.00   0.00   0.00   0.86   0.00   0.00   0.22   0.36   0.00   0.00   0.00   0.00   0.00   0.00   0.00   0.00
-59.47  -1.92   1.38   0.00   0.00   0.00   0.00   0.29   0.34   0.00   0.00   0.00   0.00   0.00   0.00   7.72   0.93   0.00   0.00   2.22   2.51   1.04   0.00   0.00   0.00   0.49   0.00   0.00   0.00   0.00   0.00   1.27   0.00   0.00   0.00   0.00   0.00   0.00   0.00   0.00   2.53   0.00   0.00   3.03   3.84  27.00   0.00
-54.30  -2.82   0.00   0.00   0.00   0.00   0.00   0.30   1.89   0.00   0.00   0.00   0.53   1.01   1.21   0.00   0.00   0.00   0.00   0.00   0.00   0.00   0.00   0.00   0.00   0.00   0.00   0.00   0.00   0.00   0.00   0.00   0.00   0.00   0.00   0.00   0.00   0.00   0.00   0.00   0.00   0.00   1.17   0.00   0.30   0.00   0.00
-52.52  -0.65   2.04   0.23   0.00   0.00   0.00   1.08   0.57   0.00   0.00   0.34   0.70   1.40   0.68   0.23   0.00   0.00   0.00   0.00   0.00   0.00   0.00   0.00   0.00   0.00   0.00   0.00   0.00   0.91   0.48   0.00   0.00   0.00   0.00   0.00   0.00   0.00   0.00   0.00   0.00   0.34   0.00   0.00   0.00   0.00   0.00
-51.20   0.86   1.48   0.00   0.00   0.00   0.00   1.08   0.48   0.00   0.00   1.19   1.31   1.31   1.57   0.50   0.00   0.00   0.00   0.00   0.00   0.00   0.00   0.00   0.00   0.00   0.00   0.00   0.00   0.00   0.00   0.00   0.00   0.00   0.00   0.00   0.00   0.00   0.00   0.00   0.27   0.27   0.00   0.00   0.00   0.00   0.00
-43.57  -6.75   0.00   0.00   0.00   0.00   0.49   0.00   3.05   1.02   0.00   0.89   0.31   0.00   0.00   0.00   0.00   0.00   0.00   0.44   0.23   0.00   0.00   0.00   0.00   0.00   0.00   0.00   0.00   0.00   0.00   0.00   0.00   0.00   0.00   0.00   0.00   0.00   0.00   0.00   0.00   0.00   0.00   0.00   0.22   0.00   0.00
-54.83 -17.09   0.00   0.00   3.87   0.00   0.00   0.00   5.12   1.55   0.36   1.59   0.00   0.43   0.00   0.00   0.00   0.24   0.00   0.00   0.00   0.00   0.00   0.00   0.23   0.20   0.62   0.00   0.00   0.25   0.00   0.00   0.00   0.00   0.00   0.00   0.00   0.00   0.00   0.00   0.00   0.00   0.00   0.00   0.00   0.00   0.00
-58.73 -15.24   0.00   0.27   0.34   0.00   0.00   0.00   0.00   0.81   0.00   4.70   1.62   0.00   0.00   0.00   0.55   0.00   0.00   0.00   0.00   0.00   0.00   0.00   0.00   0.00   0.00   0.00   0.00   0.00   0.00   0.00   0.00   0.00   0.00  24.23   0.00   0.00   0.00   0.00   0.00   0.00   0.00   0.00   0.91   0.00   0.00
-55.78 -14.87   0.00   0.00   0.52   0.00   0.00   0.00   1.24   4.16   0.42   1.13   1.39   0.45   0.00   0.00   0.59   0.64   0.00   0.00   0.00   0.00   0.73   2.32   0.00   0.00   0.00   0.00   0.00   0.00   0.00   0.00   0.00   0.00   0.00   6.15   0.00   0.00   0.00   0.00   0.00   0.00   0.00   0.00   0.00   0.00   0.00
-54.83 -17.61   0.00   0.22  11.38   0.00   0.00   0.00   3.89   0.50   0.00   0.54   0.59   0.62   0.00   0.00   0.00   0.00   0.00   0.00   0.00   0.00   0.25   0.00   0.00   1.78   0.86   0.00   0.00   0.00   0.00   0.00   0.00   0.00   0.00   0.00   0.00   0.00   0.00   0.00   0.00   0.00   0.00   0.00   0.00   0.00   0.00
-39.00 -12.58   0.91   0.53   0.00   0.00   2.09   0.00   0.00   0.00   0.00   0.00   0.00   0.00   0.00   0.00   0.00   0.00   0.00   0.00   0.00   0.00   0.00   0.00   0.00   0.59   0.00   0.00   0.00   0.00   0.00   0.00   0.00   1.05   1.17   0.00   0.00   0.00   1.07   0.00   0.00   0.00   0.00   0.90   0.00   0.00   0.00
-40.20 -17.90   0.00   0.00   0.00   1.27   0.00   0.00   0.00   0.00   4.69   0.35   0.00   0.00   0.00   0.00   0.00   0.00   1.09   0.71   0.00   0.00  11.70   0.00   0.00   0.00   0.00   0.00   0.00   0.00   0.00   1.31   0.00   0.00   1.25   0.00   0.00   0.00   0.00   0.00   0.00   0.00   0.00   0.00   0.00   0.00   0.00
-41.72 -20.92   0.00   0.00   0.00   8.17   0.00   0.00   0.00   0.72   1.99   0.21   9.07   9.82   0.93   0.00   0.00   0.00   4.17   0.00   0.00   0.89   5.36   0.00   1.99   0.00   0.00   0.00   0.00   0.00   2.29   1.71   0.00   0.00   0.00   0.00   0.00   0.00   0.00   0.00   0.00   0.00   0.00   0.00   0.00   0.00   0.00
-42.85 -20.21   0.00   0.00   0.00   3.22   0.00   0.00   0.00   0.00  10.87   0.33  12.69  12.65   2.77   0.00   0.00   0.00   2.71   0.00   0.00   8.93   8.00   0.00   4.38   0.00   0.00   0.31   0.00   0.00   5.43   2.92   0.00   0.00   0.00   0.00   0.00   0.00   0.00   0.00   0.00   0.00   0.00   0.00   0.00   0.00   0.00
-42.85 -19.64   0.00   0.00   0.00   4.34   0.00   0.00   0.00   0.00  33.00   1.04  10.01  11.21   0.38   0.00   0.00   0.00   0.30   0.00   0.00   0.00   9.93   0.00   4.34   0.00   0.00   0.00   0.00   0.00   0.96   0.95   0.00   0.00   0.00   0.00   0.00   0.00   0.00   0.00   0.00   0.00   0.00   0.00   0.00   0.00   0.00
-42.66 -19.12   0.00   0.00   0.00   3.26   0.00   0.00   0.00   0.00  11.05   0.28   0.00   7.77   0.00   0.00   0.00   0.00   7.66   0.00   0.00   0.00  17.69   0.00   0.00   0.00   0.00   0.00   0.00   0.81   0.00   5.33   0.00   0.00   0.00   0.00   0.00   0.00   0.00   0.00   0.00   0.00   0.00   0.00   0.00   0.00   0.00
-40.92 -19.50   0.00   0.00   0.00   5.04   0.00   0.00   0.00   0.00   3.18   0.56   1.65   8.12   0.24   0.00   0.00   0.00   4.00   0.00   0.00   0.00   9.22   0.00   1.00   0.00   0.00   0.00   0.00   0.00   0.30   1.92   0.00   0.00   0.30   0.00   0.00   0.00   0.00   0.00   0.00   0.00   0.00   0.00   0.00   0.00   0.00
-45.87 -23.37   0.00   0.00   7.13   1.16   0.00   0.00   0.00   3.83   3.81  10.98  10.81   1.73   0.57   0.00   0.44  10.14   0.21   0.00   0.26  27.00   4.39   0.00   0.00   0.00   0.00   0.88   0.40   5.61   6.12   0.97   0.00   0.00   0.00   0.00   0.00   0.00   0.00   0.71   0.00   0.00   0.00   0.00   0.00   0.00   0.00
-46.03 -23.20   0.00   0.00   4.85   0.00   0.00   0.00   0.00   0.76   4.80  17.68  11.30   0.49   2.55   0.00   1.30  18.13   0.00   0.00   0.00  25.00   8.63   0.00   0.00   0.00   0.00   0.00   0.26   0.00   1.34   0.22   0.00   0.00   0.00   0.00   0.00   0.00   0.00   0.00   0.00   0.00   0.00   0.00   0.00   0.00   0.00
-44.57 -22.53   0.00   0.00   5.71   1.22   0.00   0.00   0.00   4.52   5.95  21.78   9.44   3.84   0.98   0.00   0.50  14.41   0.00   0.00   0.00  23.00   6.16   0.00   1.28   0.00   0.00   2.58   2.30   5.17   3.26   0.38   0.00   0.00   0.00   0.00   0.00   0.00   0.00   0.00   0.00   0.00   0.00   0.00   0.00   0.00   0.00
-43.84 -22.48   0.00   0.00   7.38   1.62   0.00   0.00   0.00   4.96   2.14  12.19  14.19   3.34   0.00   0.00   0.00   2.67   0.24   0.00   0.26   6.43   6.92   0.00   0.48   0.00   0.00   2.04   0.94   8.82   7.17   1.63   0.00   0.00   0.00   0.00   0.00   0.00   0.00   0.00   0.00   0.00   0.00   0.00   0.00   0.00   0.00
-43.54 -21.91   0.00   0.00   4.76   0.80   0.00   0.00   0.00   5.46   5.84  16.13   4.21   5.41   0.00   0.00   0.00   1.66   0.00   0.00   0.44   6.34   3.40   0.00   1.83   0.00   0.00   5.36   0.27   7.81   3.49   0.45   0.00   0.00   0.00   0.00   0.00   0.00   0.00   0.00   0.00   0.00   0.00   0.00   0.00   0.00   0.00
-43.36 -21.94   0.00   0.00   1.07   1.48   0.00   0.00   0.00   0.77   3.86   4.07   2.38   6.52   0.00   0.00   0.00   0.74   0.00   0.00   0.49   5.51   8.17   0.00   1.97   0.00   0.00   7.65   0.00   1.89   4.96   0.00   0.00   0.00   0.00   0.00   0.00   0.00   0.00   0.00   0.00   0.00   0.00   0.00   0.00   0.00   0.00
-42.58 -21.84   0.00   0.00   3.92   1.94   0.00   0.00   0.00   5.29   4.11  18.26  13.80   2.35   0.26   0.00   0.00   7.72   1.01   0.00   0.92   4.28   2.60   0.00   1.67   0.00   0.00   1.74   0.29   1.77   8.08   0.78   0.00   0.00   0.00   0.00   0.00   0.00   0.00   0.00   0.00   0.00   0.00   0.00   0.00   0.00   0.00
-43.83 -22.69   0.00   0.00   6.92   1.00   0.00   0.00   0.00   5.35   2.41   2.15  16.48   0.60   0.31   0.00   0.00   3.34   0.00   0.00   0.48   8.50   0.96   0.00   0.00   0.00   0.00   0.00   0.00   0.30  10.50   1.32   0.00   0.00   0.00   0.00   0.00   0.00   0.00   0.00   0.00   0.00   0.00   0.00   0.00   0.00   0.00
-53.67 -25.51   0.00  23.33   0.27   0.00   0.00   0.00   1.60   0.00   1.36   1.46   0.32   5.86  19.62   5.19   5.49   0.00   0.00   0.00   2.35   0.00   0.00   0.00  19.00  10.04  24.85   1.98   0.20   0.59   0.00   0.00   0.00   1.49   5.37   7.99   0.00   0.00   0.00   0.00   0.00   0.00   0.00   0.00   0.00   0.00   2.41
-42.41 -21.45   0.00   0.00   0.00   0.96   0.00   0.00   0.00   2.00   7.94   2.85  10.58   7.94   0.30   0.00   0.00   0.96   2.87   0.00   0.45   4.69   7.85   0.00   3.67   0.00   0.00   2.54   0.00   0.00   7.21   1.68   0.00   0.00   0.00   0.00   0.00   0.00   0.00   0.00   0.00   0.00   0.00   0.00   0.00   0.00   0.00
-64.66  -9.26      0      0    0.6    0.4      0      0      0    1.4    0.6      1    1.8    0.4      0    0.3    0.7    9.8      0      0      0      1    2.5    1.1    1.1    8.3    2.9    0.9      0      0      0      0      0      0    0.4    2.1    0.2      0      0    1.5    1.8    2.5      0    4.2    0.9    5.6    9.9
-51.77  -3.13      0      0    0.1    0.1      0      3   10.3   11.9    1.4    0.7    2.4    2.9    2.4    0.8      0    0.1      0    1.1    9.1    3.1    3.7    0.2    0.1      0      0      0      0      0      0      0    0.4    0.2    1.1    0.1      0      0      0      0      1    0.4    1.3    0.3    2.1    1.3    0.1
