-50.35 -19.89   0.00   0.00   0.00   2.83   0.00   0.00   0.00   0.00   0.54   2.79  10.64   1.27   0.00   0.00   0.00   0.00   0.00   0.00   0.00   0.00   4.39   0.00   0.00   0.00   0.00   0.00   0.00   0.00   0.00   0.00   0.00   0.00   0.00   2.06   1.12   9.19   2.04   0.62  20.12   0.49   0.00   0.00   0.00   0.00   0.00
-44.63 -21.28   0.00   0.00   0.00   0.65   0.43   0.00   0.00   0.00   3.12  18.31  31.00  11.13   0.18   0.00   0.00   0.00   0.00   0.43   0.00   0.00   1.89   0.00   0.00   0.00   0.00   0.00   0.00   0.00   0.00   0.00   0.00   0.00   0.00   0.00   0.00   0.00   0.65  15.51  28.92   8.88   1.41   1.35   0.00   0.43   0.28
-48.16 -20.25   0.00   0.00   0.00   1.98   0.00   0.00   0.00   0.00   2.35  15.98  33.00   1.15   0.00   0.00   0.00   0.00   0.00   0.00   0.00   0.00   2.16   0.00   0.00   0.00   0.00   0.00   0.00   0.00   0.00   0.00   0.00   0.00   0.00   0.00   0.00   0.00   1.74   1.69  33.00   2.15   0.00   0.00   0.00   0.00   0.00
-46.95 -21.60   0.00   0.00   0.00   2.12   0.88   0.00   0.00   0.00  17.47  17.42  27.74   0.29   0.21   0.00   0.00   0.00   0.00   0.00   0.00   0.00   3.11   0.00   0.00   0.00   0.00   0.00   0.00   0.00   0.00   0.00   0.00   0.00   0.00   0.00   0.00   0.00  21.78   7.04  20.90   2.22   0.26   0.00   0.00   0.00   0.00
-45.04 -21.14   0.00   0.00   0.00   0.24   0.74   0.00   0.00   0.00   0.50  10.69  26.53  14.28   0.19   0.00   0.00   0.00   0.00   0.00   0.00   0.00   1.76   0.00   0.00   0.00   0.00   0.00   0.00   0.00   0.00   0.00   0.00   0.00   0.00   0.00   0.00   0.00   1.92  11.24  18.54  12.00   5.86   1.14   0.00   0.00   0.00
-46.32 -20.67   0.00   0.00   0.00   1.05   1.23   0.00   0.00   0.00   3.29  19.07  23.22  13.42   0.36   0.00   0.00   0.00   0.00   0.00   0.00   0.00   2.29   0.00   0.00   0.00   0.00   0.00   0.00   0.00   0.00   0.00   0.00   0.00   0.00   0.00   0.00   0.00   5.22   3.43  25.23   7.29   2.42   0.36   0.00   0.00   0.00
-49.18 -20.30   0.00   0.00   0.00   2.08   0.00   0.00   0.00   0.00   4.46  11.65  16.94   0.50   0.00   0.00   0.00   0.00   0.00   0.00   0.00   0.00   4.56   0.00   0.00   0.00   0.00   0.00   0.00   0.00   0.00   0.00   0.00   0.00   0.00   0.00   0.00   0.54   3.14   1.52  24.57   1.29   0.00   0.00   0.00   0.00   0.00
-45.67 -21.59   0.00   0.00   0.00   2.45   0.95   0.00   0.00   0.00  17.39  19.91  28.00   3.00   0.33   0.00   0.00   0.00   0.00   0.88   0.00   0.00   8.11   0.00   0.00   0.00   0.00   0.00   0.00   0.00   0.00   0.00   0.00   0.00   0.00   0.00   3.57   0.66  28.00   5.56  28.00   9.54   4.20   0.39   0.00   0.00   0.00
-48.18 -21.02   0.00   0.00   0.00   3.25   1.41   0.00   0.00   0.00  16.02   9.83   9.00   0.36   0.00   0.00   0.00   0.00   0.00   0.41   0.00   0.00   6.00   0.00   0.00   0.00   0.00   0.00   0.00   0.00   0.00   0.00   0.00   0.00   0.00   0.00   0.53   3.43  11.58   2.67  14.61   0.86   0.28   0.00   0.00   0.00   0.00
-45.49 -21.61   0.00   0.00   0.00   3.02   0.89   0.00   0.00   0.00   7.37  24.19  32.00   5.10   0.64   0.00   0.00   0.00   0.00   0.99   0.00   0.00   8.82   0.00   0.00   0.00   0.00   0.00   0.00   0.00   0.00   0.00   0.00   0.00   0.00   0.00   0.00   0.00   8.67   6.82  32.00   6.56   5.49   0.23   0.00   0.00   0.00
-48.55 -20.00   0.00   0.00   0.00   0.23   0.00   0.00   0.00   0.00   0.63  21.05  28.00  10.17   0.27   0.00   0.00   0.00   0.00   0.00   0.00   0.00   1.64   0.00   0.00   0.00   0.00   0.00   0.00   0.00   0.00   0.00   0.00   0.00   0.00   0.00   0.00   0.00   0.67   3.24  28.00   5.55   0.42   0.00   0.00   0.00   0.00
-51.65 -26.00   0.00  20.34   0.00   0.69  11.49   0.38   0.00   5.84   0.00   0.00   0.00   0.00   0.00   0.00   0.00   0.27   6.20   0.27   1.34  22.13   0.00   0.00   0.00   0.00   0.00   0.00   0.44   0.00   0.00   0.00   0.00   0.00   0.00   1.89  24.45  28.75   7.39   0.34   0.34   0.00   0.00   0.00   0.00   0.00   0.00
-52.00 -25.78   0.00  24.13   0.00   0.88  15.53   0.23   0.30   4.81   0.00   0.00   0.00   0.00   0.00   0.00   0.00   0.37   6.11   0.00   1.34  25.03   0.00   0.00   0.00   0.00   0.00   0.00   0.00   0.00   0.00   0.00   0.00   0.00   0.00   1.46  13.94  16.85   5.74   0.00   0.00   0.00   0.00   0.00   0.00   0.00   0.00
-53.48 -25.53   0.00  18.97   0.00   0.25   4.75   0.00   0.00   5.48   0.00   0.00   0.00   0.00   0.00   0.00   0.00   0.96   5.39   0.00   2.75  26.47   0.00   0.00   0.00   0.00   0.00   0.00   0.00   0.00   0.00   0.00   0.00   0.00   2.85   5.87   9.36   8.18   5.34   0.00   0.00   0.00   0.00   0.00   0.00   0.00   0.00
-51.74 -25.49   0.00  17.99   0.00   0.76   9.09   0.00   0.00  35.73   0.00   0.00   0.00   0.00   0.00   0.00   0.00   0.00   5.12   0.00   2.20  31.33   0.00   0.00   0.00   0.00   0.00   0.00   0.00   0.00   0.00   0.00   0.00   0.00   0.00   1.58  21.60  29.39   2.72   0.00   0.00   0.00   0.00   0.00   0.00   0.00   0.00
-51.08 -26.23   0.00  14.10   0.00   0.00   3.34   0.29   0.00  22.00   0.00   0.00   0.00   0.00   0.00   0.00   0.00   0.28   5.73   0.44   1.50  22.00   0.21   0.00   0.00   0.00   0.00   0.00   0.00   0.00   0.00   0.00   0.00   0.00   0.00   4.52  22.00  22.00   8.24   0.46   0.52   1.35   0.00   0.00   0.22   0.00   0.00
-53.74 -24.19   0.00  17.86   0.25   1.92   5.83   0.00   0.00  25.00   0.00   0.00   0.00   0.00   0.00   0.00   0.00   0.00   1.90   0.00   6.67  16.38   0.31   0.00   0.00   0.00   0.00   0.00   0.00   0.00   0.00   0.00   0.00   0.00   0.00   2.15  11.59  12.16   1.60   0.00   0.00   0.00   0.00   0.00   0.00   0.00   0.00
-54.56 -22.97   0.00  18.47   9.31   1.12   0.00   0.00   0.00   3.83   0.00   0.00   0.00   0.00   0.00   0.00   0.00   0.00   1.72   0.00   2.54  14.48   0.00   0.00   0.00   0.00   0.00   0.00   0.00   0.00   0.00   0.00   0.00   0.00   0.70   2.30  30.00   4.37   0.32   0.37   2.72   0.00   0.00   0.00   0.00   0.00   0.00
-54.58 -25.42   0.00  14.64   5.78   3.98   1.16   0.00   0.00   8.74   0.83   0.75   0.77   0.00   0.00   0.00   0.00   0.00   1.46   0.00   5.85  13.52   0.29   0.00   0.00   0.00   0.00   0.00   0.41   0.00   0.00   0.00   0.00   0.00   0.92   2.56  12.18   6.44   1.41   0.00   1.31   0.00   0.00   0.00   0.00   0.00   0.00
-53.53 -22.38   0.00  10.76   2.55   1.19   0.00   0.00   0.00   5.19   5.38   1.75   3.38   0.00   0.00   0.00   0.00   0.00   0.20   0.00   0.20   9.21   0.00   0.00   0.00   0.00   0.00   0.00   0.00   0.00   0.00   0.00   0.00   0.00   1.24   6.57  11.08   5.26   0.75   0.23   5.47   0.00   0.00   0.00   0.00   0.00   0.00
-53.17 -23.18   0.00  17.38   5.30   3.93   9.59   0.00   0.00  24.00   0.53   0.00   0.00   0.00   0.00   0.00   0.00   0.00   1.98   0.00   2.86  17.08   0.49   0.00   0.00   0.00   0.00   0.00   0.00   0.00   0.00   0.00   0.00   0.00   0.00   2.01  20.16  24.00   2.86   0.00   0.30   0.00   0.00   0.00   0.00   0.00   0.00
-48.54 -17.99   0.00   0.00   0.00   0.00   0.00   0.00   0.00   0.00   0.00   0.62   3.01  23.00   0.43   0.00   0.00   0.00   0.00   0.00   0.00   0.00   0.00   0.00   0.00   0.00   0.00   0.00   0.00   0.00   0.00   0.00   0.00   0.00   0.00   0.00   0.00   0.00   0.00   1.43  15.66   5.23   1.62   0.00   0.00   0.00   0.27
-48.67 -16.15   0.00   0.00   0.00   0.00   0.00   0.00   0.00   0.00   0.00   0.00   0.76  19.60   0.31   0.00   0.00   0.00   0.00   0.00   0.00   0.00   0.00   0.00   0.00   0.00   0.00   0.00   0.00   0.00   0.00   0.00   0.00   0.00   0.00   0.00   0.00   0.28   0.00   1.38   7.71   6.63   3.58   0.00   0.00   0.00   0.31
-47.98 -18.45   0.00   0.00   0.00   0.00   0.00   0.00   0.00   0.00   0.00  10.32  13.09  18.59   0.32   0.00   0.00   0.00   0.00   0.00   0.00   0.00   0.00   0.00   0.00   0.00   0.00   0.00   0.00   0.00   0.00   0.00   0.00   0.00   0.00   0.00   0.00   0.00   0.00   1.79  17.08   5.31   0.74   0.00   0.00   0.00   0.48
-49.10 -18.42   0.00   0.00   0.00   0.00   0.00   0.00   0.00   0.00   0.00   8.47  22.97  10.03   0.00   0.00   0.00   0.00   0.00   0.00   0.00   0.00   0.00   0.00   0.00   0.00   0.00   0.00   0.00   0.00   0.00   0.00   0.00   0.00   0.00   0.00   0.00   0.00   0.00   2.58  18.24   4.80   0.27   0.00   0.00   0.00   0.00
-47.70 -19.13   0.00   0.00   0.00   0.00   0.00   0.00   0.00   0.00   0.00  17.53  28.14  11.77   0.09   0.00   0.00   0.00   0.00   0.00   0.00   0.00   0.00   0.00   0.00   0.00   0.00   0.00   0.00   0.00   0.00   0.00   0.00   0.00   0.00   0.00   0.00   0.00   0.00   1.87  25.65   5.70   0.40   0.00   0.00   0.00   0.00
-50.16 -18.07   0.00   0.00   0.00   0.00   0.00   0.00   0.00   0.00   0.00   2.41  16.67  16.33   0.00   0.00   0.00   0.00   0.00   0.00   0.00   0.00   0.00   0.00   0.00   0.00   0.00   0.00   0.00   0.00   0.00   0.00   0.00   0.00   0.00   3.84   0.50   3.91   1.09   4.20  18.57   4.58   0.26   0.00   0.00   0.00   0.00
-47.68 -18.05   0.00   0.00   0.00   0.00   0.00   0.00   0.00   0.00   0.00   1.17   1.83  25.17   0.33   0.00   0.00   0.00   0.00   0.00   0.00   0.00   0.00   0.00   0.00   0.00   0.00   0.00   0.00   0.00   0.00   0.00   0.00   0.00   0.00   0.00   0.00   0.00   0.00   1.25   2.60   4.32   3.12   0.00   0.00   0.00   0.47
-50.50 -19.02   0.00   0.00   0.00   0.37   0.00   0.00   0.00   0.00   0.00   7.87  21.24  12.76   0.00   0.00   0.00   0.00   0.00   0.00   0.00   0.00   0.39   0.00   0.00   0.00   0.00   0.00   0.00   0.00   0.00   0.00   0.00   0.00   0.00   2.92   0.21   3.71   1.12   2.35  16.97   3.74   0.28   0.00   0.00   0.00   0.00
-50.52 -22.94   0.00   3.64   2.30   6.19   7.13   0.00   0.00   0.25  23.00  11.21  14.14   0.00   0.00   0.00   0.00   0.00   0.00   0.00   0.42   2.44   8.02   0.00   0.00   0.00   0.00   0.00   0.00   0.00   0.00   0.00   0.00   0.00   0.00   1.08  14.20   6.93   8.68   1.37   1.26   0.00   0.00   0.00   0.00   0.00   0.00
-51.33 -22.65   0.00  11.59   3.36   8.96   7.76   0.00   0.00   7.68  19.50   6.03   3.97   0.00   0.00   0.00   0.00   0.00   0.81   0.00   1.29  14.80   3.24   0.00   0.00   0.00   0.00   0.00   0.00   0.00   0.00   0.00   0.00   0.00   0.00   3.14  13.47  25.00   7.56   0.69   0.67   0.24   0.00   0.00   0.00   0.00   0.00
-49.73 -23.01   0.00   9.03   0.42   3.19   1.53   0.00   0.00   5.16  22.04   7.14   2.97   0.00   0.00   0.00   0.00   0.00   1.99   0.00   1.06  12.33   8.49   0.00   0.00   0.00   0.00   0.00   0.00   0.00   0.00   0.00   0.00   0.00   0.00   3.40  12.63  20.52  17.63   1.11   0.28   0.98   0.00   0.00   0.00   0.00   0.00
-49.23 -23.22   0.00   2.91   0.68   2.18   0.84   0.00   0.00   0.93  16.20  10.42   7.60   0.34   0.27   0.00   0.00   0.00   1.43   0.00   0.00   4.11   7.69   0.00   0.00   0.00   0.00   0.00   0.00   0.00   0.00   0.00   0.00   0.00   0.00   6.59   5.04  15.99  18.47   1.39   0.34   1.32   0.50   0.00   0.33   0.71   0.00
-50.71 -24.06   0.00  13.46   0.00   0.32   2.99   0.00   0.00  29.00   1.01   0.00   0.00   0.00   0.00   0.00   0.00   0.00   4.40   0.00   4.74  21.11   1.16   0.00   0.00   0.00   0.00   0.00   0.00   0.00   0.00   0.00   0.00   0.00   0.00   3.25  29.00  29.00   7.21   0.00   0.00   0.00   0.00   0.00   0.00   0.00   0.00
-52.87 -22.50   0.00  13.58  17.36  20.89   9.21   0.00   0.00   9.18  13.39   6.33   6.52   0.00   0.00   0.00   0.00   0.00   0.46   0.00   1.60  10.12   0.71   0.00   0.00   0.00   0.00   0.00   0.00   0.00   0.00   0.00   0.00   0.00   0.00   1.32   5.39  21.51   0.87   0.00   1.80   0.00   0.00   0.00   0.00   0.00   0.00
-47.33 -16.21   0.00   0.00   0.00   0.00   0.00   0.00   0.00   0.00   0.00   0.00   0.00  15.68   0.60   0.00   0.00   0.00   0.00   0.00   0.00   0.00   0.00   0.00   0.00   0.00   0.00   0.00   0.00   0.00   0.00   0.00   0.00   0.00   0.00   0.00   0.00   0.00   0.00   1.28   0.00  13.10   9.68   0.00   0.00   0.00   0.49
-44.76 -18.95   0.00   0.00   0.00   0.00   0.00   0.00   0.00   0.00   0.00   4.29  10.00  25.00   0.00   0.00   0.00   0.00   0.00   0.00   0.00   0.00   0.00   0.00   0.00   0.00   0.00   0.00   0.00   0.00   0.00   0.00   0.00   0.00   0.00   0.00   0.00   0.00   0.84   3.84  11.81   5.82   6.17   1.05   0.00   0.35   0.00
-44.86 -15.93   0.00   0.00   0.00   0.00   0.00   0.00   0.00   0.00   0.00   0.00   0.00  19.89   5.11   0.00   0.00   0.00   0.00   0.00   0.00   0.00   0.00   0.00   0.00   0.00   0.00   0.00   0.00   0.00   0.00   0.00   0.00   0.00   0.00   0.00   0.00   0.00   0.00   0.00   0.00  11.02   8.81   0.37   0.00   0.00   0.64
-45.07 -16.37   0.00   0.00   0.00   0.00   0.00   0.00   0.00   0.00   0.00   1.07   1.03  18.82   3.15   0.00   0.00   0.00   0.00   0.00   0.00   0.00   0.00   0.00   0.00   0.00   0.00   0.00   0.00   0.00   0.00   0.00   0.00   0.00   0.00   0.00   0.00   0.00   0.00   0.89   2.44   9.53   4.67   0.34   0.00   0.22   0.58
-45.27 -18.16   0.00   0.00   0.00   0.00   0.62   0.00   0.00   0.00   0.00   6.07  13.70  21.09   0.21   0.00   0.00   0.00   0.00   0.00   0.00   0.00   0.00   0.00   0.00   0.00   0.35   0.00   0.00   0.00   0.00   0.00   0.00   0.00   0.00   0.00   0.00   0.00   0.00   1.53  11.90   6.47   1.34   0.00   0.00   0.00   0.00
-43.83 -11.35   0.00   0.00   0.00   0.00   0.00   0.00   0.00   0.00   0.00   0.00   0.00   0.00   0.51   0.28   0.00   0.00   0.00   0.00   0.00   0.00   0.00   0.00   0.00   0.00   0.00   0.00   0.00   0.00   0.00   0.00   0.00   0.00   0.00   0.00   0.00   0.43   0.27   1.36   0.00   0.00   0.63   6.52   6.11   5.78   5.97
-48.55 -22.52   0.00   0.27   0.47   2.27   0.63   0.00   0.00   0.00  23.00  14.81  16.63   0.55   0.26   0.00   0.00   0.00   0.00   0.29   0.00   0.40   8.18   0.00   0.00   0.00   0.00   0.00   0.00   0.00   0.00   0.00   0.00   0.00   0.00   0.46   1.34  13.04  22.18   4.78   6.66   0.80   0.46   0.00   0.00   0.00   0.00
-46.91 -23.46   0.00   0.00   0.00   1.33   0.00   0.00   0.00   0.69  24.94  25.25  17.80   4.64   0.84   0.00   0.00   0.00   0.54   0.33   0.00   0.32   4.64   0.00   0.00   0.00   0.00   0.00   0.00   0.00   0.00   0.00   0.00   0.00   0.00   0.00   0.39  16.78  26.00   4.28   7.56   4.55   3.85   1.08   1.48   1.37   0.00
-48.99 -21.76   0.00   0.23   0.41   5.32   3.15   0.00   0.00   0.00  26.15   7.39   9.48   0.00   0.00   0.00   0.00   0.00   0.00   0.00   0.00   0.00  11.02   0.00   0.00   0.00   0.00   0.00   0.00   0.00   0.00   0.00   0.00   0.00   0.00   0.79   6.51   5.01   7.90   2.74   4.55   0.00   0.00   0.00   0.00   0.00   0.00
-50.20 -21.12   0.00   0.00   0.00  12.56   0.92   0.00   0.00   0.00  15.96   1.36   2.77   0.00   0.00   0.00   0.00   0.00   0.00   0.00   0.00   0.00   9.87   0.00   0.00   0.00   0.00   0.00   0.00   0.00   0.00   0.00   0.00   0.00   0.00   0.56   5.64   9.45  11.77   2.56   4.10   0.00   0.00   0.00   0.00   0.00   0.00
-48.30 -13.40   0.00   0.00   0.00   0.00   0.00   0.00   0.00   0.00   0.00   0.00   0.47  23.88   1.79   0.00   0.00   0.00   0.00   0.00   0.00   0.00   0.00   0.00   0.00   0.00   0.41   0.00   0.00   0.00   0.00   0.00   0.00   0.00   0.00   0.00   0.00   0.91   2.93   2.71   7.10   8.57   5.40   1.46   0.80   0.35   0.84
-51.20 -27.78   0.00  15.81   0.00   0.00  31.00  13.23  31.00  20.84   0.00   0.00   0.00   0.00   0.00   0.00   0.00  15.62   4.63   0.00   0.00  18.02   0.21   0.00   0.00   0.00   0.00   0.00   4.12   0.00   0.00   0.00   0.28   0.00   1.21   2.88  31.00   0.69   2.13   0.00   5.35   1.60   0.00   0.00   0.37   0.00   0.00
-51.33 -27.60   0.26  17.07   0.00   0.00  30.00  12.74   3.89  11.45   0.00   0.00   0.00   0.00   0.00   0.00   0.00  16.13   8.34   0.00   0.21  24.87   0.00   0.00   0.00   0.00   0.00   0.00   0.82   0.00   0.00   0.00   0.00   0.00   0.57   1.18  30.00   2.28   7.88   0.51   2.50   0.68   0.00   0.00   0.33   0.00   0.00
-53.04 -27.14   0.00   9.86   0.00   0.00  30.88   0.00  20.77   3.97   0.00   0.00   0.00   0.00   0.00   0.00   0.30  18.18   5.86   0.00   0.70  17.77   0.23   0.00   0.00   0.00   0.00   0.00   0.00   0.00   0.00   0.00   0.00   0.00   4.44   0.89   4.47   0.28   1.70   0.00   1.27   0.37   0.00   0.00   0.00   0.00   0.00
-52.38 -27.27   0.00  13.29   0.00   0.00  20.23   1.42  16.56   4.65   0.00   0.00   0.00   0.00   0.00   0.00   0.00  13.50   7.45   0.00   0.95  22.66   0.00   0.00   0.00   0.00   0.00   0.00   0.00   0.00   0.00   0.00   0.00   0.00   0.84   0.97  21.38   2.02   4.65   0.00   2.44   0.34   0.00   0.00   0.00   0.00   0.00
-51.78 -27.52   0.00  11.07   0.00   0.00  37.00   4.88  37.00  13.43   0.00   0.00   0.00   0.00   0.00   0.00   0.00  19.64   5.44   0.00   0.32  17.18   0.24   0.00   0.00   0.00   0.00   0.00   0.00   0.00   0.00   0.00   0.00   0.00   1.92   1.27  20.97   0.22   2.23   0.00   4.91   0.00   0.00   0.00   0.00   0.00   0.00
-52.73 -27.35   0.00   8.22   0.00   0.00  32.00   1.75  32.00  12.79   0.00   0.00   0.00   0.00   0.00   0.00   1.09  17.73   7.30   0.00   1.85  24.77   0.00   0.00   0.00   0.00   0.00   0.00   0.00   0.00   0.00   0.00   0.00   0.00   7.84   1.40   4.26   0.00   0.27   0.00   0.00   0.29   0.00   0.00   0.00   0.00   0.00
-52.54 -26.66   0.00  18.58   0.00   0.37   7.08   0.00   0.68   1.82   0.00   0.00   0.00   0.00   0.00   0.00   0.00   6.96   8.24   0.00   1.05  25.10   0.21   0.00   0.00   0.00   0.00   0.00   0.00   0.00   0.00   0.00   0.00   0.00   0.48   1.56   9.30   3.60   8.22   0.00   0.59   0.00   0.00   0.00   0.00   0.00   0.00
-55.05 -28.14   0.00   8.92   0.00   0.00  32.00   4.31  32.00   0.88   0.00   0.00   0.00   0.00   0.00   0.00   3.77   6.02   5.56   0.00   0.00  32.00   0.00   0.00   0.00   0.00   4.48   3.44   0.48   0.00   0.00   0.33   0.00   3.04  12.31   0.35   0.00   0.00   0.00   0.00   0.46   0.00   0.00   0.00   0.00   0.00   0.00
-51.87 -18.68   0.00   0.00   0.00   0.00   0.00   0.00   0.00   0.00   0.00   0.00   6.84   1.22   0.00   0.00   0.00   0.00   0.00   0.00   0.00   0.00   1.83   0.00   0.00   0.00   0.00   0.22   0.00   0.00   0.00   0.00   0.00   0.00   0.45  18.17   0.00   1.22   0.87  13.24  28.00   0.64   0.00   0.00   0.00   0.00   0.00
-50.76 -19.16   0.00   0.00   0.00   0.38   0.00   0.00   0.00   0.00   0.00   1.51  11.16   3.00   0.00   0.00   0.00   0.00   0.00   0.00   0.00   0.00   1.52   0.00   0.00   0.00   0.00   0.00   0.00   0.00   0.00   0.00   0.00   0.00   0.00  21.55   2.77   2.93   7.38   7.88  27.55   0.61   0.00   0.00   0.00   0.00   0.00
-50.64 -19.12   0.00   0.00   0.00   0.28   0.00   0.00   0.00   0.00   0.00   2.33  15.40   7.21   0.00   0.00   0.00   0.00   0.00   0.00   0.00   0.00   0.29   0.00   0.00   0.00   0.00   0.00   0.00   0.00   0.00   0.00   0.00   0.00   0.00  10.64   3.71   6.20   5.81   7.73  23.00   1.15   0.00   0.00   0.00   0.00   0.00
-51.35 -20.40   0.00   0.34   0.00   6.56   0.00   0.00   0.00   0.00   0.81   0.94   6.25   1.14   0.00   0.00   0.00   0.00   0.00   0.00   0.00   0.23   5.96   0.00   0.00   0.00   0.00   0.00   0.00   0.00   0.00   0.00   0.00   0.00   0.00   6.55   0.90   9.31   6.46   2.79  17.22   0.29   0.00   0.00   0.00   0.00   0.00
-51.63 -20.86   0.00   0.00   0.00   2.49   0.00   0.00   0.00   0.00   0.31   0.42   1.10   0.90   0.00   0.00   0.00   0.00   0.00   0.00   0.00   1.35   6.84   0.00   0.00   0.00   0.00   0.00   0.00   0.00   0.00   0.00   0.00   0.00   0.67   3.39   0.26   2.54   9.46   6.05  22.22   0.53   0.00   0.00   0.00   0.00   0.00
-53.18 -20.06   0.00   0.35   0.00   1.08   0.00   0.00   0.00   0.00   0.89   0.92   0.60   1.05   0.00   0.00   0.00   0.00   0.00   0.00   0.00   3.14   3.50   0.00   0.00   0.00   0.00   0.00   0.00   0.00   0.00   0.00   0.00   0.00   1.17   7.33   0.00   1.09  10.08   1.12  23.00   0.47   0.00   0.00   0.00   0.00   0.00
-52.87 -21.66   0.00   5.14   0.00   5.06   0.00   0.00   0.00   1.14  19.00   3.92   2.18   0.36   0.00   0.00   0.00   0.00   0.00   0.00   0.00  19.00   0.51   0.00   0.00   0.00   0.00   0.00   0.00   0.00   0.00   0.00   0.00   0.00   0.60  13.48   0.00   3.99   5.91   0.00  19.00   0.00   0.00   0.00   0.00   0.00   0.00
-52.91 -22.46   0.00   4.16   1.26  17.06   0.44   0.00   0.00   0.82  21.00   6.28   6.67   0.00   0.00   0.00   0.00   0.00   0.22   0.23   0.35  14.00   7.37   0.00   0.00   0.00   0.00   0.00   0.00   0.00   0.00   0.00   0.00   0.00   0.00   3.13   1.21   8.69   7.15   0.62   6.59   0.28   0.00   0.00   0.00   0.00   0.00
-50.80 -13.69   0.00   0.00   0.00   0.00   0.00   0.00   0.00   0.00   0.00   0.00   9.50  14.14   0.00   0.00   0.00   0.00   0.00   0.00   0.00   0.00   0.00   0.00   0.00   0.00   0.25   0.00   0.00   0.00   0.00   0.00   0.00   0.00   0.27   5.72   0.00   4.23   3.04   6.09  13.62   3.94   0.64   0.35   0.00   0.00   0.24
-49.26  -8.27   0.00   0.00   0.00   0.00   0.00   0.00   0.00   0.00   0.00   0.00   1.64   8.97   3.25   0.00   0.00   0.00   0.00   0.00   0.00   0.00   0.00   0.00   0.00   1.00   0.00   0.00   0.24   0.00   0.00   0.00   0.00   0.29   0.57   1.93   2.15   3.95  12.49   2.11   6.13   8.59   1.45   3.02   3.70   1.59   5.53
-48.37  -9.76   0.00   0.00   0.00   0.00   0.00   0.00   0.00   0.00   0.00   0.00   0.00  14.53   4.99   0.24   0.00   0.00   0.00   0.00   0.00   0.00   0.00   0.00   0.00   0.00   0.00   0.00   0.00   0.00   0.00   0.00   0.00   0.00   0.00   0.00   1.16   1.18   7.00   3.38   3.80   5.54   2.50   5.20   2.82   3.95   4.19
-47.39  -9.31   0.00   0.00   0.00   0.00   0.00   0.00   0.00   0.00   0.00   0.00   0.00   0.57   2.20   0.62   0.00   0.00   0.00   0.00   0.00   0.00   0.00   0.00   0.00   0.00   0.00   0.00   0.00   0.00   0.00   0.00   0.00   0.00   0.00   0.00   2.26   3.48   7.64   4.04   1.33   2.86   0.46   6.65   8.73   5.54   8.43
-47.48  -7.33   0.00   0.00   0.00   0.00   0.00   0.00   0.00   0.00   0.00   0.00   0.00   0.41   3.27   1.20   0.47   0.28   0.67   0.87   2.42   2.10   0.00   0.00   0.51   0.37   0.00   0.00   0.41   0.00   0.00   0.00   0.78   0.00   0.00   0.55   3.14   3.16   8.51   5.13   3.70   4.32   0.57   3.10   5.34   2.00  11.97
-49.65  -3.83   0.26   0.00   0.00   0.00   0.00   0.00   0.00   0.00   0.44   0.00   0.00   0.00   3.44   2.22   2.52   2.19   0.90   0.63   2.79   2.63   0.00   0.33   0.00   0.36   0.00   0.58   0.63   0.00   0.00   0.00   1.12   0.37   0.86   1.27   4.29   6.80   5.31   1.53   5.39   3.84   0.71   1.72   3.93   3.17  12.25
-51.67 -29.07   0.00  11.62   0.00   0.00  26.11   8.19  37.00  13.08   0.00   0.00   0.00   0.00   0.00   0.00   1.28   6.40   2.17   0.00   0.00  24.23   0.52   0.00   0.00   0.00   0.00   2.28   1.50   0.00   0.00   0.00   0.00   0.00   1.09   1.68   5.82   0.00   0.00   0.00   7.78   0.28   0.00   0.00   0.00   0.00   0.00
-51.39 -29.01   0.00  13.03   0.00   0.00  13.38  19.17  30.00  17.32   0.00   0.00   0.00   0.00   0.00   0.00   0.47   7.15   0.49   0.00   0.00  18.01   1.01   0.00   0.00   0.00   0.00   2.19  11.65   0.00   0.00   0.00   0.72   0.00   0.52   4.57  10.47   0.63   0.00   0.00   6.98   0.42   0.00   0.00   0.74   0.00   0.00
-53.28 -29.45   0.31   6.79   0.00   0.00  34.00   9.70  33.88   2.28   0.00   0.00   0.00   0.00   0.00   0.00   4.40   3.01   2.78   0.00   0.00  34.00   0.00   0.00   0.00   0.00  14.45  14.74   4.05   0.00   0.00   1.05   0.00   2.19  19.12   0.28   0.00   0.00   0.00   0.00   1.22   0.00   0.00   0.00   0.00   0.00   0.00
-52.54 -28.56   0.00   8.61   0.00   0.00  35.49   8.88  39.00   8.88   0.00   0.00   0.00   0.00   0.00   0.00   0.00  14.48   6.01   0.00   0.00  26.31   0.00   0.00   0.00   0.00   1.16   0.00   0.00   0.00   0.00   0.00   0.26   0.00   4.71   0.84   2.33   0.00   0.00   0.00   0.94   0.00   0.00   0.00   0.00   0.00   0.00
-53.19 -29.02   0.00   6.25   0.00   0.00  35.00  14.38  35.00   4.23   0.00   0.00   0.00   0.00   0.00   0.00   2.75   6.39   3.26   0.00   0.00  35.00   0.00   0.00   0.00   0.00   7.57   5.12   0.47   0.00   0.00   0.00   0.00   1.39  11.85   0.42   0.32   0.00   0.00   0.00   0.57   0.00   0.00   0.00   0.00   0.00   0.00
-48.87 -25.14   0.00   5.42   0.00   0.00   1.50   0.00   0.00  31.00   3.38   0.00   0.00   0.27   0.00   0.00   0.00   0.31   4.54   0.91   2.64  16.75   0.25   0.00   0.00   0.00   0.00   0.00   0.00   0.00   0.00   0.00   0.00   0.00   0.00   2.84  24.79  31.00  12.51   0.62   1.23   1.97   0.51   0.00   0.64   0.22   0.00
-49.52 -27.14   0.00  19.06   0.00   0.00  21.51  17.85   0.82  19.41   0.52   0.00   0.00   0.00   0.00   0.00   0.00   4.83   9.08   0.30   0.00  19.06   0.00   0.00   0.00   0.00   0.00   0.00   0.00   0.00   0.00   0.00   0.00   0.00   0.00   5.61  30.00   5.17  10.43   0.92   2.60   0.98   0.53   0.00   0.86   0.28   0.00
-69.12 -12.60   0.00   0.92   0.31   0.00   0.00   0.00   0.00   0.66   4.56   0.57   2.50   0.22   0.00   0.00   0.00   0.00   1.73   1.43   0.32   0.34   9.84   0.00   0.00   2.59   0.00   0.56   2.43   0.98   0.27   6.74   8.80   3.87   2.94  10.52  14.38   4.01  11.73   0.93   1.17   8.72   0.00   1.65   1.19   1.73   0.83
-59.46 -10.16   0.00   0.00   0.00   0.00   0.00   0.00   0.00   0.00   0.00   4.83   2.35   0.00   0.00   0.00   0.00   0.00   0.00   0.00   0.00   1.55   6.52   0.00   3.04   3.87   1.10   0.72   1.50   2.67   0.00   0.00   2.43   3.12   1.23   9.74   0.40   9.07   7.33   1.64   0.50   1.04   0.00   0.22   8.61   0.00   0.00
-65.35 -10.73   0.00   0.53   0.00   0.00   0.00   0.00   0.00   2.29   2.41   0.00   0.00   0.00   0.00   0.00   0.00   0.59   0.98   0.00   0.00   9.11   2.61   0.00   0.00   1.43   0.00   0.00   0.44   0.35   0.33   4.62   3.82   0.40   3.61   9.79   5.80   1.12   0.84   0.00   0.00   0.26   0.00   0.00   0.33   0.00   0.00
-58.96 -15.12   0.00   0.00   0.28   0.00   0.00   0.00   0.00   0.00   0.00   0.00   0.00   0.00   0.00   0.00   0.00   0.00   0.00   0.00   0.00  17.87   0.00   0.00   0.00   3.24   0.00   0.00   0.25   0.29   0.00   0.00   5.45   2.35   1.24  21.00   0.00   6.76   0.00   0.00   6.25   0.00   0.00   0.00   0.46   0.00   0.00
-64.65  -9.25   0.00   0.00   0.37   0.00   0.00   0.00   0.00   0.00   1.28   0.38   0.00   0.00   0.00   0.00   0.00   0.44   6.66   2.02   0.00   2.50   8.24   0.00   0.33   3.12   0.77   0.41   1.21   0.62   0.41   8.55   7.30   2.31   4.29  14.95   8.32   2.70   3.20   0.00   2.14   6.11   0.00   0.00   2.31   1.68   0.37
-64.43 -12.43   0.00   0.33   0.49   0.00   0.00   0.00   0.00   0.00   0.33   0.00   0.00   0.00   0.00   0.00   0.00   2.85   0.26   0.00   0.00  17.39   1.81   0.00   0.00   5.07   0.00   0.34   0.83   0.00   0.00   0.60   3.31   0.73   1.41  11.04   1.55   4.56   1.02   0.00   1.06   0.34   0.00   0.39   0.59   0.00   0.00
-60.70 -11.99   0.00   0.00   0.00   0.00   0.00   0.00   0.00   0.00   0.00   0.52   0.00   0.00   0.00   0.00   0.00   1.20   0.00   0.00   0.00   0.67   0.00   0.00   0.59   7.31   0.00   0.00   3.75   0.00   0.36   0.00   0.34   1.54   2.31   9.70   0.00   6.45  10.33   0.00   0.56   0.31   0.00   1.11   0.73   0.00   0.00
-63.45  -8.75   0.00   0.00   0.00   0.00   0.00   0.00   0.00   0.00   0.00   0.00   0.00   0.00   0.00   0.00   0.00   4.01   0.00   0.60   0.00   0.27   3.14   0.00   0.00  28.00   0.00   0.34   4.57   0.00   0.47   2.71   1.01   0.00   3.63   5.43   3.51   0.34   7.87   0.00   0.00   3.70   0.34   0.00   6.87   2.05   0.00
-63.97  -8.87   0.00   0.00   0.00   0.00   0.00   0.00   0.00   0.00   0.00   0.00   0.00   0.00   0.00   0.00   0.00   5.75   0.21   0.24   0.00   0.36   1.62   0.00   0.00  23.78   0.00   0.38   4.55   0.00   0.00   3.71   2.77   0.23   4.20   2.27   8.54   0.21   4.96   0.00   0.49   8.82   0.00   0.00   2.60  14.09   0.00
-52.00  -6.74   0.00   0.00   0.00   0.00   0.00   0.00   0.00   0.00   0.00   0.55   1.53   5.58   2.36   0.57   0.00   0.00   0.00   0.00   0.83   2.14   0.57   0.48   2.95   2.44   1.38   2.05   0.74   0.00   0.00   0.26   0.30   2.28   0.88   6.16   2.11   7.91   8.71   1.57   4.70   8.06   1.07   2.57   3.70   1.07   6.61
-51.77  -6.75   0.00   0.00   0.00   0.00   0.00   0.00   0.00   0.00   0.52   1.38   0.00   5.12   8.03   3.44   0.52   0.78   1.13   0.78   3.86  11.72   0.00   1.23   4.26   2.83   0.30   4.32   1.74   0.00   0.00   1.13   1.03   0.99   1.45   2.89   6.71  22.00  11.11   0.95   7.91  14.47   1.50   6.00  16.85   1.95  22.00
-51.91  -3.41   0.00   0.00   0.00   0.00   0.00   0.00   0.00   0.00   1.47   2.46   1.91   2.42   5.75   1.24   2.44   2.46   1.79   1.42   5.13   6.82   1.26   1.71   7.79   1.55   1.27   2.59   0.64   0.00   0.37   0.33   4.18   1.03   1.66   2.55   2.12   7.15   6.82   0.37   3.22   9.97   1.55   3.74  10.93   1.33  10.57
-55.77 -10.98   0.00   0.00   0.00   0.00   0.00   0.00   0.00   0.00   0.00   0.00   0.30   0.58   0.00   0.00   0.00   0.00   0.00   0.00   0.00   0.00   1.17   0.00   0.00   0.97   1.84   2.63   0.00   0.00   0.00   0.00   0.00   3.36   0.53  14.61   1.36  11.12  24.07   3.32   1.64   3.75   0.29   0.77   0.44   0.00   0.32
-57.04  -9.19   0.00   0.00   0.00   0.00   0.00   0.00   0.00   0.00   0.00   0.00   4.84   0.29   1.76   0.00   0.00   0.00   0.00   0.00   0.00   5.96   2.36   0.00   2.89   1.05   1.15  10.14   2.10   0.21   0.00   0.00   0.00   4.09   0.32  27.00   2.43  11.65  15.31   0.28   3.42   4.40   0.60   2.64   5.17   0.26   5.20
-42.57 -16.74   0.00   0.00   0.00   0.00   0.00   0.00   0.00   0.00   0.00   0.00   0.00  20.13  11.87   0.00   0.00   0.00   0.00   0.00   0.00   0.00   0.00   0.00   0.00   0.00   0.00   0.00   0.00   0.00   0.00   0.00   0.00   0.00   0.00   0.00   0.00   0.00   0.00   0.00   0.00   7.73  22.62   0.39   0.00   0.15   1.11
-39.59 -15.97   0.33   0.00   0.00   0.00   0.00   0.00   0.00   0.00   0.00   0.34   0.31   4.66  17.60   1.59   0.00   0.00   0.20   0.00   0.00   0.00   0.00   0.00   0.00   0.00   0.00   0.00   0.00   0.00   0.00   0.00   0.00   0.00   0.00   0.00   0.00   0.00   0.00   0.00   0.00   1.11  15.79   8.91   1.37   0.91   0.91
-59.47  -1.92   0.00   0.00   0.00   0.00   0.00   0.00   0.00   0.00   0.00   0.00   0.00   0.00   7.39  16.02   8.74   0.82  13.16  10.72   2.46   0.00  27.00   6.05   8.66   0.00   0.00   1.32   0.00   0.00  18.02   3.75   0.00   0.00   0.00   0.23   0.00   0.28   1.91   0.30   0.00   6.15   0.00   8.80   6.13   8.23  10.19
-54.30  -2.82   0.00   0.00   0.00   0.00   0.00   0.00   0.00   0.00   2.73   1.59   0.00   0.00   1.69   0.87   2.23   8.44   1.63   0.55   0.22   1.00   0.30   2.51   0.45   0.00   0.00   0.00   0.00   0.00   0.00   0.00   0.29   0.00   0.00   0.00   0.00   0.00   1.31   0.00   1.17   0.00   0.00   0.52   5.73   0.24   0.00
-52.52  -0.65   2.56   1.57   0.00   0.00   0.30   0.87   0.93  10.38   0.00   0.00   1.59   0.00   0.25   0.23   0.70   9.67   3.16   0.00   0.00   1.19   2.13   4.69   0.00   0.00   0.27   0.00   0.00   0.00   0.00   2.10   0.00   0.00   0.00   0.27   0.27   0.23   0.00   0.00   0.00   0.00   0.00   0.00   0.00   0.00   0.00
-51.20   0.86   0.81   0.40   0.00   0.00   0.72   1.14   1.57   8.26   0.00   0.00   1.65   0.00   0.00   0.00   0.00   2.52   0.00   0.00   0.00   2.45   3.20   3.22   0.00   0.00   0.92   0.00   0.00   0.00   0.23   1.35   0.00   0.00   0.00   0.48   0.75   0.00   0.00   0.00   0.00   0.00   0.00   0.00   0.00   0.00   0.67
-43.57  -6.75   0.00   0.00   0.00   0.00   0.00   0.00   0.00   0.00   0.00   0.00   0.00   0.00   3.57   1.36   1.20   0.29   0.44   0.00   0.41   0.51   0.00   0.00   0.29   0.49   0.00   0.00   0.00   0.00   0.00   0.00   0.00   0.00   0.00   0.00   2.23   5.74   3.02   5.95   1.06   1.04   1.55   4.68   5.63   5.13   6.90
-54.83 -17.09   0.00   0.00   0.00   0.00   0.00   0.00   0.00   0.00   0.00   0.00   1.19   1.60   0.00   0.00   0.00   0.00   0.00   0.00   0.00   0.54   0.00   0.00   0.00   0.00   0.00   0.00   0.00   0.00   0.00   0.00   0.00   0.00   3.54  16.84   0.00   0.33   0.36  10.01  21.25   0.33   0.00   0.00   0.00   0.00   0.00
-58.73 -15.24   0.00   0.00   0.00   0.00   0.00   0.00   0.00   0.00   0.00   0.00   0.00   0.00   0.00   0.00   0.00   0.00   0.00   0.00   0.00  21.06   0.20   0.00   0.00   2.54   0.00   0.00   0.00   0.00   0.00   0.00   6.55   3.69   1.50  30.41   0.00   7.27   0.00   0.00   9.29   0.00   0.00   0.00   1.01   0.00   0.00
-55.78 -14.87   0.00   0.00   0.00   0.00   0.00   0.00   0.00   0.00   0.00   0.00   0.99   3.82   0.00   0.00   0.00   0.00   0.00   0.00   0.00   0.70   0.00   0.00   0.00   0.00   0.00   0.22   0.00   0.00   0.00   0.00   0.00   0.00   4.78  17.97   0.00   2.90   1.97   2.23  21.10   3.57   0.00   0.00   0.00   0.00   0.00
-54.83 -17.61   0.00   0.00   0.00   0.00   0.00   0.00   0.00   0.00   0.00   0.00   0.73   0.38   0.00   0.00   0.00   0.00   0.00   0.00   0.00   0.73   0.33   0.00   0.00   0.00   0.00   0.21   0.00   0.00   0.00   0.00   0.00   0.00   2.48  16.98   0.00   0.00   0.28   5.35  20.91   0.50   0.00   0.00   0.00   0.00   0.00
-39.00 -12.58   0.69   0.58   0.00   0.00   1.15   0.00   0.00   0.00   0.00   0.00   0.00   0.00   0.00   1.19   0.00   0.00   0.00   0.00   0.00   0.91   0.00   0.00   0.00   0.58   0.95   1.57   0.38   0.37   0.00   0.00   0.00   0.00   0.00   0.00   0.00   0.00   0.00   0.00   0.00   0.00   0.00   2.56   3.55   2.77   2.12
-40.20 -17.90   0.40   0.00   0.00   0.00   0.00   0.00   0.00   0.00   0.00   2.51   1.25   1.90  16.59   0.00   0.00   0.00   0.55   0.40   0.00   0.00   0.00   0.00   0.00   0.00   0.27   0.00   0.00   0.00   0.00   0.00   0.00   0.00   0.00   0.00   0.00   0.00   0.00   0.00   0.00   0.00  19.64   7.94   1.36   2.44   2.62
-41.72 -20.92   0.00   0.00   0.00   0.00   0.00   0.00   0.00   0.00   0.31   3.41  12.80  36.00   6.55   0.00   0.00   0.00   0.00   0.00   0.00   0.00   0.00   1.38   0.00   0.20   0.00   0.00   0.00   0.00   0.00   0.00   0.00   0.00   0.00   0.00   0.00   0.00   0.00   3.53   8.15  17.55  16.84   1.31   0.82   7.23   6.10
-42.85 -20.21   0.00   0.00   0.00   0.00   6.94   0.00   0.00   0.00   0.00   8.07  20.61  31.00   0.62   0.00   0.00   0.00   0.00   0.00   0.00   0.00   0.00   0.00   0.00   0.54   0.37   0.00   0.00   0.00   0.00   0.00   0.00   0.00   0.00   0.00   0.00   0.00   0.00  12.23  11.20  16.87  13.15   2.95   0.22   5.05   0.36
-42.85 -19.64   0.00   0.00   0.00   0.00   1.07   0.00   0.00   0.00   0.00   5.28   7.04  33.00   0.71   0.00   0.00   0.00   0.00   0.00   0.00   0.00   0.00   0.00   0.00   0.00   1.36   0.00   0.00   0.00   0.00   0.00   0.00   0.00   0.00   0.00   0.00   0.00   0.00  10.70   9.91  33.00   7.65   0.83   0.00   1.31   0.00
-42.66 -19.12   0.00   0.00   0.00   0.00   0.00   0.00   0.00   0.00   0.00   0.00   1.88  30.00  10.08   0.00   0.00   0.00   0.00   0.00   0.00   0.00   0.00   0.00   0.00   0.00   0.61   0.00   0.00   0.00   0.00   0.00   0.00   0.00   0.00   0.00   0.00   0.00   0.00   0.00   8.00  15.24   8.41   0.00   0.00   1.12   5.79
-40.92 -19.50   0.00   0.00   0.00   0.00   0.48   0.00   0.00   0.00   0.00   0.45   2.22  26.00  13.20   0.00   0.00   0.00   0.29   0.44   0.00   0.00   0.00   0.00   0.00   0.00   0.62   0.00   0.00   0.00   0.25   0.00   0.00   0.00   0.00   0.00   0.00   0.00   0.00   0.31   6.04  13.93  16.01   1.64   0.58   1.50   5.30
-45.87 -23.37   0.00   0.00   0.00   1.88   0.21   0.00   0.00   0.00  27.00  23.54  22.07   7.79   1.37   0.00   0.00   0.00   0.54   1.40   0.25   0.00   7.10   0.00   0.00   0.57   0.00   0.00   0.00   0.00   0.00   0.00   0.00   0.00   0.00   0.00   0.66   9.95  21.15   8.31  18.44   7.01  14.19   1.17   3.72   3.99   0.22
-46.03 -23.20   0.00   0.00   0.00   3.33   0.00   0.00   0.00   0.00  25.00  21.10  19.65   2.14   0.62   0.00   0.00   0.00   0.00   0.39   0.00   0.00   4.87   0.00   0.00   0.00   0.00   0.00   0.00   0.00   0.00   0.00   0.00   0.00   0.00   0.00   0.00  25.00  22.40   4.67  12.20   3.27   2.03   0.25   0.83   0.53   0.00
-44.57 -22.53   0.00   0.00   0.00   3.32   0.38   0.00   0.00   0.00  23.00  20.73  22.24   3.72   1.01   0.00   0.00   0.00   0.00   1.17   0.26   0.00   6.17   0.00   0.00   0.33   0.00   0.00   0.00   0.00   0.00   0.00   0.00   0.00   0.00   0.00   2.24   9.97  23.00   6.05  22.32   8.64   8.58   0.45   1.70   1.03   0.00
-43.84 -22.48   0.00   0.00   0.00   0.30   0.00   0.00   0.00   0.00  14.32  29.00  29.00   6.51   0.63   0.00   0.00   0.00   0.00   1.10   0.00   0.00   3.55   0.77   0.00   0.00   0.00   0.00   0.00   0.00   0.00   0.00   0.00   0.00   0.00   0.00   0.00   0.56   3.41   5.12  29.00  10.67   0.66   0.33   1.96   3.18   0.00
-43.54 -21.91   0.00   0.00   0.00   0.00   0.00   0.00   0.00   0.00   5.65  25.18  32.00  16.78   0.00   0.00   0.00   0.00   0.00   0.61   0.00   0.00   2.98   0.00   0.00   0.00   0.00   0.00   0.00   0.00   0.00   0.00   0.00   0.00   0.00   0.00   0.00   0.00   0.58   6.88  25.35   8.92   0.30   1.51   0.00   1.45   0.00
-43.36 -21.94   0.00   0.00   0.00   0.00   0.00   0.00   0.00   0.00   2.53  14.47  28.11  22.66   0.23   0.00   0.00   0.00   0.00   0.48   0.00   0.00   0.38   0.00   0.00   0.00   0.00   0.00   0.00   0.00   0.00   0.00   0.00   0.00   0.00   0.00   0.00   0.00   0.26   4.73  18.58  10.51   3.86   1.79   1.51   0.84   0.61
-42.58 -21.84   0.00   0.00   0.00   0.27   0.29   0.00   0.00   0.00   7.42  22.04  29.00  18.43   2.03   0.00   0.00   0.00   0.88   2.69   0.58   0.00   5.30   0.34   0.00   0.33   0.00   0.00   0.00   0.00   0.00   0.00   0.00   0.00   0.00   0.00   0.00   0.00   2.35   6.33  20.55  11.99   2.59   4.87   6.21   5.32   0.47
-43.83 -22.69   0.00   0.00   0.00   0.24   0.00   0.00   0.00   0.00  26.95  21.01  25.12   7.54   3.11   0.00   0.00   0.00   0.27   0.84   0.00   0.00   4.82   0.00   0.00   0.00   0.00   0.00   0.00   0.00   0.00   0.00   0.00   0.00   0.00   0.00   0.00   3.35  12.68   8.61  25.22   2.77   5.68   0.73   4.70   8.88   0.00
-53.67 -25.51   0.00  17.58   0.00   0.20   4.24   0.00   0.00   4.24   0.00   0.00   0.00   0.00   0.00   0.00   0.00   1.05   5.30   0.00   2.95  25.88   0.00   0.00   0.00   0.00   0.00   0.00   0.00   0.00   0.00   0.00   0.00   0.00   4.27   4.34   7.60   7.59   4.64   0.00   0.00   0.00   0.00   0.00   0.00   0.00   0.00
-42.41 -21.45   0.00   0.00   0.00   0.00   2.73   0.00   0.00   0.00   0.70  11.32  21.24  23.76   0.00   0.00   0.00   0.00   0.00   0.70   0.00   0.00   0.00   0.00   0.00   1.17   0.00   0.00   0.00   0.00   0.00   0.00   0.00   0.00   0.00   0.00   0.00   0.00   0.00   4.01   9.59   7.78   9.64   4.86   0.67   5.08   0.00
-64.66  -9.26      0    0.8    0.3      0      0      0      0    0.6    4.1    0.5    2.2    0.2      0      0      0    0.1    2.4    1.5    0.3    0.6    9.6      0      0    2.7    0.1    0.5    2.3    0.9    0.3      7    8.6    3.7    3.1   11.1   13.6    3.8   10.6    0.8    1.3    8.4      0    1.4    1.3    1.7    0.8
-51.77  -3.13      0      0      0      0      0      0      0      0      1    1.9    1.7    3.4    4.9    1.1    1.7    1.7    1.3      1    3.9    5.8      1    1.4    6.4    1.8    1.3    2.5    0.7      0    0.3    0.3      3    1.4    1.4    3.5    2.3    7.9    7.5    0.7    3.8    9.6    1.4    3.5    9.2    1.3    9.9
