-50.35 -19.89   0.00   0.00   1.84   2.33   0.32   0.00   0.00   0.52   0.00   0.00   0.00   7.61   1.72  14.47   0.58   0.00   0.00   0.00   0.00   0.00   0.00   0.00   0.00   1.10   0.00   0.00   0.00   0.00   0.00   0.00   0.00   0.00   0.00   0.00   0.00   0.00   0.00   0.60   0.91   1.31   2.89   2.19   0.00   0.00   0.00
-44.63 -21.28   0.00   0.00   0.00  10.01   0.00   0.00   0.00  11.12   7.94   2.76   0.00   0.00   4.68  26.62   0.68   1.47   4.61   0.21   0.00   0.00   0.00   0.00   7.14   1.41   0.00   0.00   0.00   0.00   0.00   1.60   1.06   0.00   0.25   0.00   0.00   0.00   0.00   0.00   2.12   3.38   0.00   0.00   0.00   0.00   0.00
-48.16 -20.25   0.00   0.00   0.37   1.51   0.00   0.00   0.00   0.23   0.42   1.22   0.00   0.61   1.12  12.75   0.00   0.52   0.22   0.00   0.00   0.00   0.00   0.00   0.52   4.23   0.00   0.00   0.00   0.00   0.00   0.00   0.92   0.39   0.00   0.00   0.00   0.00   0.00   0.00   0.00   2.44   1.58   9.82   0.00   0.00   0.00
-46.95 -21.60   0.00   0.00   0.00   5.75   0.00   0.00   0.00   1.58   5.34   0.34   0.00   0.23   2.65  18.39   0.00   0.71   0.22   0.00   0.00   0.00   0.00   0.00  11.07  19.37   0.00   0.00   0.00   0.00   0.00   1.20   7.72   1.00   0.33   0.00   0.00   0.00   0.00   0.21   4.03   1.26   0.00   0.69   0.21   0.00   0.00
-45.04 -21.14   0.00   0.00   0.00   7.80   0.27   0.00   0.00   7.75   1.68   0.63   0.00   0.00   1.18  17.73   0.00   3.30   2.47   0.35   0.00   0.00   0.00   0.00   3.86   3.26   0.00   0.00   0.00   0.00   0.00   5.41   3.91   0.35   0.26   0.00   0.00   0.00   0.00   0.00   1.92   1.16   0.00   0.00   0.00   0.00   0.00
-46.32 -20.67   0.00   0.00   0.00   6.78   0.00   0.00   0.00   3.43   2.39   2.19   0.00   0.00   3.25  22.46   0.00   3.35   1.56   0.00   0.00   0.00   0.00   0.00  14.65  15.63   0.00   0.00   0.00   0.00   0.00  21.52  15.48   0.63   0.00   0.00   0.00   0.00   0.00   0.00   3.25   1.58   0.00   0.00   0.00   0.00   0.00
-49.18 -20.30   0.00   0.00   0.91   2.72   0.26   0.00   0.00   0.37   0.54   0.61   0.00   2.08   0.92  10.57   0.00   0.37   0.23   0.00   0.00   0.00   0.00   0.00   0.38   5.66   0.00   0.00   0.00   0.00   0.00   0.27   1.35   0.26   0.00   0.00   0.00   0.00   0.00   0.00   0.90   1.25   2.64   3.81   0.00   0.00   0.00
-45.67 -21.59   0.00   0.00   0.00   8.80   0.00   0.00   0.37   4.35  15.80   3.44   0.00   1.59   6.54  19.64   0.36   1.35   0.88   0.00   0.00   0.00   0.00   0.00  22.03   5.91   0.00   0.00   0.00   0.00   0.00   6.97  10.10   1.27   0.84   0.00   0.32   0.00   0.95   0.00  16.18   1.29   0.00   0.00   0.00   0.00   0.00
-48.18 -21.02   0.00   0.00   0.40   8.24   0.00   0.00   0.36   1.30   4.26   1.07   0.00   4.31   0.80  17.77   0.25   0.00   0.00   0.00   0.00   0.00   0.00   0.00   5.30   5.61   0.00   0.00   0.00   0.00   0.00   0.00   2.31   0.33   0.33   0.00   0.41   0.00   0.00   0.49   4.01   0.39   0.00   1.09   0.00   0.00   0.00
-45.49 -21.61   0.00   0.00   0.00  10.89   0.00   0.00   0.00   8.68   7.17   4.88   0.00   0.00   8.04  25.08   0.37   2.38   4.36   0.00   0.00   0.00   0.00   0.00  14.13   4.83   0.00   0.00   0.00   0.00   0.00   7.33   7.05   0.67   1.37   0.00   0.00   0.00   1.05   0.00  14.08   0.94   0.00   0.00   0.00   0.00   0.00
-48.55 -20.00   0.00   0.00   0.48   0.63   0.23   0.00   0.00   0.00   0.45   3.78   0.00   0.69   0.66  14.79   0.46   4.21   0.90   0.00   0.00   0.00   0.00   0.00   0.63   1.13   0.00   0.00   0.00   0.00   0.00   1.56   2.50   0.37   0.00   0.00   0.00   0.00   0.00   0.00   0.39   2.45   5.10   8.49   0.00   0.00   0.00
-51.65 -26.00   0.00  10.49   0.00   1.23   0.00   9.62  16.06   0.00   0.00   0.44  35.00   6.14   0.00   0.00   0.00   0.00   0.00   0.00   9.04   4.26  35.00  21.50   0.00   0.00   0.00   0.00   0.00   0.00   0.00   0.00   0.00   0.00   0.00  16.86   0.00  10.87  35.00  35.00  21.82   0.00   0.00   0.00   0.00   6.60  12.17
-52.00 -25.78   0.00  13.78   0.00   1.22   0.00   9.99  10.61   0.00   0.00   3.13  37.00   4.09   0.00   0.00   0.00   0.00   0.00   0.00   8.56   6.64  37.00   3.97   0.00   0.00   0.00   0.00   0.00   0.00   0.00   0.00   0.00   0.00   0.00  18.88   0.00   5.63  37.00  37.00  28.24   0.00   0.00   0.00   0.00  10.31  16.04
-53.48 -25.53   0.00   8.22   0.00   1.27   0.00   3.52   5.79   0.00   0.00   6.40  36.00   5.12   0.00   0.00   0.00   0.00   0.00   0.00  17.71  33.74  36.00   0.69   0.00   0.00   0.00   0.00   0.00   0.00   0.00   0.00   0.00   0.00   0.00  18.97   0.00   5.96  32.68  28.40  20.83   0.00   0.00   0.20   0.00  11.96  23.29
-51.74 -25.49   0.00  14.64   0.00   2.09   0.00   9.13  12.55   0.00   0.00   0.00  36.00   8.55   0.00   0.00   0.00   0.00   0.00   0.00   1.82   6.53  36.00  24.58   0.00   0.00   0.00   0.00   0.00   0.00   0.00   0.00   0.00   0.00   0.00   9.89   0.00  14.88  36.00  36.00  20.79   0.00   0.00   0.00   0.00   2.26  25.57
-51.08 -26.23   0.00  13.84   0.00   1.29   0.00   5.42  22.00   0.00   0.00   0.00  21.68  13.39   0.00   0.00   0.00   0.00   0.00   0.00  11.20   1.13  22.00  22.00   0.27   0.64   0.00   0.00   0.00   0.00   0.00   0.00   0.34   0.00   0.00  13.34   0.32  16.84  22.00  22.00  18.53   0.00   0.00   0.00   0.00   2.23  10.99
-53.74 -24.19   0.00  13.48   1.19   6.07   0.00   4.12   1.54   0.00   0.00   0.00  16.61   7.65   0.00   0.00   0.00   0.00   0.00   0.00   2.37  25.00  25.00   2.11   0.00   0.00   0.00   0.00   0.00   0.00   0.00   0.00   0.00   0.00   0.00   7.68   0.00  10.79  22.74  25.00  25.00   0.00   0.00   0.00   0.00   0.00   6.71
-54.56 -22.97   0.00   7.23   3.31   2.65   0.00   0.00   0.33   0.00   0.00   0.00  14.08  21.90   0.00   0.00   0.00   0.00   0.00   0.00   2.93  15.58  30.00   2.24   0.00   0.00   0.00   0.00   0.00   0.00   0.00   0.00   0.00   0.00   0.00   6.63   0.00   0.00   0.00  17.94   9.92   0.00   0.00   0.00   0.00   0.00   0.00
-54.58 -25.42   0.00   8.87   4.85   5.11   0.00   1.28   0.99   0.00   0.00   0.91  13.86  15.77   0.00   0.00   0.00   0.00   0.00   0.00   8.68  22.00  22.00   1.58   0.00   0.00   0.00   0.00   0.00   0.00   0.00   0.00   0.00   0.00   0.00   7.77   0.20   0.66   0.49  17.53  22.00   0.00   0.00   0.00   0.00   0.00   1.96
-53.53 -22.38   0.00   6.65  11.48   8.62   0.26   0.00   1.22   0.00   0.00   0.00   0.40  21.00   0.23   0.00   0.00   0.00   0.00   0.00   0.00   3.27   4.49   6.45   0.00   0.00   0.00   0.00   0.00   0.00   0.00   0.00   0.00   0.00   0.00   1.98  10.92   0.00   0.00   9.44  18.72   0.00   0.00   0.00   0.00   0.00   0.00
-53.17 -23.18   0.00  15.98   2.78  11.00   0.00   6.24   3.18   0.00   0.00   0.00  17.31  16.91   0.00   0.00   0.00   0.00   0.00   0.00   0.23   1.21   7.34  16.87   0.00   0.00   0.00   0.00   0.00   0.00   0.00   0.00   0.00   0.00   0.00   3.43   0.70   6.22  21.69  24.00  24.00   0.00   0.00   0.00   0.00   0.00   4.85
-48.54 -17.99   0.00   0.00   0.00   0.00   0.00   0.00   0.00   0.00   0.00   0.00   0.00   0.00   0.77   1.60   0.62   5.42   0.00   0.00   0.00   0.00   0.00   0.00   0.00   0.00   0.00   0.00   0.00   0.00   0.00   0.00   0.76   0.00   0.00   0.00   0.00   0.00   0.00   0.00   0.00   0.00   0.00   0.38   0.59   0.00   0.00
-48.67 -16.15   0.00   0.00   0.00   0.00   0.00   0.00   0.00   0.00   0.00   0.00   0.00   0.00   1.07   0.81   0.77   1.59   0.00   0.00   0.00   0.00   0.00   0.00   0.00   0.00   0.00   0.00   0.00   0.00   0.00   0.00   0.28   0.00   0.00   0.00   0.00   0.00   0.00   0.00   0.00   0.32   0.00   0.00   0.89   0.00   0.00
-47.98 -18.45   0.00   0.00   0.00   0.00   0.28   0.00   0.00   0.00   0.30   0.00   0.00   0.00   0.64   4.33   0.33   5.77   1.77   0.00   0.00   0.00   0.00   0.00   0.72   0.00   0.00   0.00   0.00   0.00   0.00   0.96   2.73   0.64   0.00   0.00   0.00   0.00   0.00   0.00   0.00   2.95   2.09   2.43   0.30   0.00   0.00
-49.10 -18.42   0.00   0.00   0.00   0.00   0.00   0.00   0.00   0.00   0.00   0.00   0.00   0.00   0.00   5.79   0.34   9.27   0.99   0.00   0.00   0.00   0.00   0.00   0.00   0.00   0.00   0.00   0.00   0.00   0.00   0.00   0.46   0.00   0.00   0.00   0.00   0.00   0.00   0.00   0.00   1.20   2.08   2.02   0.00   0.00   0.00
-47.70 -19.13   0.00   0.00   0.00   0.00   0.50   0.00   0.00   0.00   0.00   1.29   0.00   0.00   0.63  13.78   0.36  19.67   3.04   0.00   0.00   0.00   0.00   0.00   1.05   0.00   0.00   0.00   0.00   0.00   0.00   0.29   4.75   0.00   0.00   0.00   0.00   0.00   0.00   0.00   0.00   1.53   3.82   8.92   0.00   0.00   0.00
-50.16 -18.07   0.00   0.00   0.41   0.00   0.00   0.00   0.00   0.00   0.00   0.00   0.00   0.44   0.61   5.08   2.41   2.57   0.00   0.00   0.00   0.00   0.00   0.00   0.00   0.00   0.00   0.00   0.00   0.00   0.00   0.00   0.00   0.00   0.00   0.00   0.00   0.00   0.00   0.22   0.00   1.98   0.24   1.02   0.90   0.00   0.68
-47.68 -18.05   0.00   0.00   0.00   0.00   0.00   0.00   0.00   0.00   0.00   0.00   0.00   0.00   0.30   0.57   0.38   2.54   0.00   0.00   0.00   0.00   0.00   0.00   0.00   0.00   0.00   0.00   0.00   0.00   0.00   0.33   0.58   0.00   0.00   0.00   0.00   0.00   0.00   0.00   0.00   0.28   0.52   0.00   0.00   0.00   0.00
-50.50 -19.02   0.00   0.00   0.48   0.00   0.00   0.00   0.00   0.00   0.00   0.00   0.00   1.16   0.46   4.49   1.72   4.66   0.45   0.00   0.00   0.00   0.00   0.00   0.31   0.00   0.00   0.00   0.00   0.00   0.00   0.00   0.00   0.00   0.00   0.00   0.00   0.00   0.00   0.00   0.00   2.96   1.25   1.97   0.43   0.00   0.00
-50.52 -22.94   0.00   1.66   6.26   8.33   1.17   0.55  11.68   0.00   0.25   0.00   5.38  23.00   1.27   7.60   0.00   0.00   0.00   0.00   0.00   0.00   0.00  10.65   1.61   0.00   0.00   0.00   0.00   0.00   0.00   0.00   0.30   0.27   0.00   0.00   9.21   3.87   2.30   1.46  14.63   0.00   0.00   0.00   0.00   0.00   0.00
-51.33 -22.65   0.00  10.63   7.49   9.52   0.48   2.03  10.89   0.00   0.00   0.00   2.78  25.00   0.76   4.84   0.00   0.00   0.00   0.00   0.00   0.00   0.00  19.49   0.00   0.00   0.00   0.00   0.00   0.00   0.00   0.00   0.00   0.24   0.00   0.00   1.25   0.23  12.65   3.07  25.00   0.00   0.00   0.00   0.00   0.00   1.20
-49.73 -23.01   0.00   6.78   3.17   9.93   0.45   2.42  28.00   0.00   0.00   0.00   0.74  28.00   0.27   5.48   0.00   0.00   0.00   0.00   0.00   0.00   0.00  20.67   0.00   0.00   0.00   0.00   0.00   0.00   0.00   0.00   1.08   0.45   0.21   0.00   1.06   3.65  28.00   4.56  12.20   0.00   0.00   0.00   0.00   0.00   3.33
-49.23 -23.22   0.00   1.22   2.25   7.50   0.00   0.48  24.00   0.00   0.00   0.00   0.32  24.00   1.57   8.29   0.35   0.21   0.00   0.00   0.00   0.00   0.00  16.04   0.98   0.68   0.26   0.00   0.00   0.00   0.00   0.00   2.56   1.52   0.20   0.00   3.15   6.34  11.80  10.24   9.71   0.00   0.00   0.00   0.00   0.00   3.68
-50.71 -24.06   0.00  18.45   0.78  10.16   0.00   7.38  29.00   0.00   0.00   0.00   3.75  29.00   0.00   0.20   0.00   0.00   0.00   0.00   0.72   0.36   9.80  21.77   0.00   0.00   0.00   0.00   0.00   0.00   0.00   0.00   0.00   0.23   0.23   2.06   2.60   6.79  16.85  29.00  29.00   0.00   0.00   0.00   0.00   0.00  14.08
-52.87 -22.50   0.00   3.42  14.67  19.40   0.00   0.00   2.87   0.00   0.00   0.00  13.95  26.00   1.07   0.67   0.00   0.00   0.00   0.00   0.00   0.00   0.00  15.00   0.00   0.00   0.00   0.00   0.00   0.00   0.00   0.00   0.00   0.00   0.00   0.00   0.00   0.00   1.90  13.82  26.00   0.00   0.00   0.00   0.00   0.00   0.00
-47.33 -16.21   0.00   0.00   0.00   0.00   0.00   0.00   0.00   0.00   0.00   0.00   0.00   0.00   0.00   0.00   0.00   0.00   0.00   0.00   0.00   0.00   0.00   0.00   0.00   0.00   0.00   0.00   0.00   0.00   0.00   0.37   0.64   0.00   0.00   0.00   0.00   0.00   0.00   0.00   0.00   0.00   0.00   0.00   0.00   0.00   0.00
-44.76 -18.95   0.00   0.00   0.00   0.98   0.24   0.00   0.00   3.37   2.84   0.00   0.00   0.00   0.80   0.90   0.00   2.54   2.09   1.13   0.00   0.00   0.00   0.00   2.77   0.92   0.00   0.00   0.00   0.00   0.00   8.32   1.80   0.48   0.00   0.00   0.00   0.00   0.00   0.00   0.00   0.91   0.72   0.00   0.00   0.00   0.00
-44.86 -15.93   0.00   0.00   0.00   0.00   0.00   0.00   0.00   0.00   0.00   0.00   0.00   0.00   0.00   0.00   0.00   0.00   0.00   0.00   0.00   0.00   0.00   0.00   0.00   0.00   0.00   0.00   0.00   0.00   0.00   0.00   0.00   0.00   0.00   0.00   0.00   0.00   0.00   0.00   0.00   0.00   0.00   0.00   0.00   0.00   0.00
-45.07 -16.37   0.00   0.00   0.00   0.00   0.00   0.00   0.00   0.63   1.14   0.00   0.00   0.00   0.29   0.21   0.34   1.20   0.27   0.24   0.00   0.00   0.00   0.00   0.36   0.00   0.00   0.00   0.00   0.00   0.00   1.16   1.02   0.27   0.00   0.00   0.00   0.00   0.00   0.00   0.00   1.22   0.67   0.50   0.00   0.00   0.00
-45.27 -18.16   0.00   0.00   0.00   0.00   0.00   0.00   0.00   0.00   2.67   1.34   0.00   0.00   0.29   4.14   0.00   7.49   2.54   0.00   0.00   0.00   0.00   0.00   3.11   0.35   0.00   0.00   0.00   0.00   0.00  18.10  11.22   0.23   0.00   0.00   0.00   0.00   0.00   0.00   0.00   2.29   2.39   1.24   0.00   0.00   0.00
-43.83 -11.35   0.00   0.00   0.00   0.00   0.00   0.00   0.00   0.00   0.00   0.00   0.00   0.00   0.00   0.00   0.00   0.00   0.00   0.00   0.00   0.00   0.00   0.00   0.00   0.00   0.00   0.00   0.00   0.00   0.00   0.00   0.00   0.00   0.00   0.00   0.00   0.00   0.00   0.00   0.00   0.00   0.00   0.00   0.00   0.00   0.00
-48.55 -22.52   0.00   0.00   1.34   5.69   0.00   0.00   7.59   1.37   1.96   0.53   0.29  11.72   3.18  13.01   0.42   0.00   0.00   0.00   0.00   0.00   0.00   4.10   2.19   0.44   0.00   0.00   0.00   0.00   0.00   0.00   2.24   0.71   0.27   0.00   5.68   0.83   2.24   1.25   6.34   0.39   0.00   0.00   0.00   0.00   0.00
-46.91 -23.46   0.00   0.00   0.37   2.49   0.00   0.00  10.36   1.41   0.74   0.00   0.00  10.99   5.64  10.89   4.03   0.00   0.00   0.00   0.00   0.00   0.00   9.30   2.23   2.87   0.65   0.00   0.00   0.00   0.00   0.00   2.09   0.93   0.73   0.00   7.63   0.00   2.58   2.52   5.36   0.95   0.00   0.00   0.00   0.00   0.00
-48.99 -21.76   0.00   0.00   1.00  10.75   0.00   0.00   2.28   5.28   1.82   0.26   0.97  15.53   2.48  15.13   0.00   0.00   0.00   0.00   0.00   0.00   0.00   1.01   2.86   0.39   0.00   0.00   0.00   0.00   0.00   0.00   1.00   0.00   0.00   0.00   5.12   0.41   0.00   0.99   8.44   0.41   0.00   0.26   0.00   0.00   0.00
-50.20 -21.12   0.00   0.00   2.25  11.40   0.22   0.00   0.00   1.70   0.00   0.00   0.00  23.03   2.17  20.06   0.28   0.00   0.35   0.00   0.00   0.00   0.00   0.00   0.36   1.42   0.00   0.00   0.00   0.00   0.00   0.00   0.00   0.00   0.00   0.00   0.40   0.00   0.00   3.57   6.70   0.57   0.00   0.27   0.00   0.00   0.00
-48.30 -13.40   0.00   0.00   0.00   0.00   0.00   0.00   0.00   0.00   0.00   0.00   0.00   0.00   1.55   0.35   0.51   0.35   0.00   0.00   0.00   0.00   0.00   0.00   0.00   0.00   0.00   0.00   0.00   0.00   0.00   0.00   0.00   0.00   0.00   0.00   0.00   0.00   0.00   0.00   0.00   0.55   0.00   0.00   1.91   0.00   0.69
-51.20 -27.78   0.78   8.18   0.00   0.50  12.90  25.49  14.89   0.00   0.00   3.88  31.00   3.36   0.00   0.00   0.00   0.00   0.00   0.00  31.00   3.81  31.00   0.00   0.00   0.00   0.00   0.00   0.00   0.00   0.00   0.00   0.00   0.00   0.00  18.64   0.00  16.26  25.77   1.06  14.14   0.00   0.00   0.00   0.00  10.11  25.00
-51.33 -27.60   1.11   8.80   0.00   0.22   6.48  15.48  20.27   0.00   0.00   6.96  30.00   1.95   0.00   0.00   0.00   0.00   0.00   0.00  30.00   5.88  17.36   1.85   0.00   0.00   0.00   0.00   0.00   0.00   0.00   0.00   0.58   0.00   0.00  12.44   0.00  26.89  30.00   6.59  19.41   0.00   0.00   0.00   0.00  16.44  16.54
-53.04 -27.14   0.00   8.13   0.00   0.28   2.89   8.22   2.86   0.00   0.00   9.65  33.33   2.11   0.00   0.00   0.00   0.00   0.00   0.98  36.00   5.26  12.86   0.00   0.00   0.00   0.00   0.00   0.00   0.00   0.00   0.00   0.00   0.00   0.00   6.45   0.00  33.26  36.00   0.96   6.41   0.00   0.00   0.00   0.00  26.38  35.18
-52.38 -27.27   0.00   8.33   0.00   0.23   0.56   9.65  14.14   0.00   0.00   5.54  29.06   2.29   0.00   0.00   0.00   0.00   0.00   0.00  32.00   1.52  12.06   1.55   0.00   0.00   0.00   0.00   0.00   0.00   0.00   0.00   0.00   0.00   0.00  11.89   0.00  23.00  32.00  11.11  18.08   0.00   0.00   0.00   0.00  21.66  16.24
-51.78 -27.52   0.00   9.69   0.00   0.69   4.13  16.12  12.72   0.00   0.00   3.14  34.90   3.04   0.00   0.00   0.00   0.00   0.00   0.00  37.00   1.80  15.91   0.00   0.00   0.00   0.00   0.00   0.00   0.00   0.00   0.00   0.00   0.00   0.00  14.11   0.00  22.97  37.00   0.94  20.25   0.00   0.00   0.00   0.00  22.43  23.83
-52.73 -27.35   0.00   7.75   0.00   0.57   5.08   7.64   7.75   0.00   0.00   4.93  30.74   0.72   0.00   0.00   0.00   0.00   0.00   2.33  32.00   8.26  10.01   0.00   0.00   0.00   0.00   0.00   0.00   0.00   0.00   0.00   0.00   0.00   0.00   8.67   0.00  18.93  32.00   0.39   5.17   0.00   0.00   0.00   0.00  22.59  32.00
-52.54 -26.66   0.00   8.96   0.00   0.00   0.00   7.79  10.87   0.00   0.00   0.21  32.36   3.23   0.00   0.00   0.00   0.00   0.00   0.00  25.45   6.42  13.39   0.35   0.00   0.00   0.00   0.00   0.00   0.00   0.00   0.00   0.00   0.00   0.00  17.89   0.00  11.77  37.00  17.82  26.81   0.00   0.00   0.00   0.00  20.82  14.50
-55.05 -28.14   0.61  19.72   0.00   1.22  15.85   2.63   1.93   0.00   0.00  20.97  28.58   0.00   0.00   0.00   0.00   0.00   0.00  10.68   8.64   0.76  12.72   0.00   0.00   0.00   0.00   0.00   0.00   0.00   0.00   0.00   0.00   0.00   0.00   4.55   0.00   5.01  21.47   0.00   3.58   0.00   0.00   0.00   0.00  32.00  26.17
-51.87 -18.68   0.00   0.00   0.00   0.00   0.00   0.00   0.00   0.00   0.00   0.25   0.00  28.00   1.59   8.52   4.45   0.00   0.86   0.00   0.00   0.00   0.00   0.00   0.48   0.00   0.27   0.00   0.00   0.00   0.00   0.00   0.00   0.00   0.00   0.00   0.00   0.00   0.00   7.60   0.00   5.87   0.00   6.55   0.00   0.00   0.72
-50.76 -19.16   0.00   0.00   0.00   0.00   0.00   0.00   0.00   0.52   0.24   0.00   0.00  27.24   0.44   7.29   3.45   0.51   0.33   0.00   0.00   0.00   0.00   0.24   0.00   0.00   0.00   0.00   0.00   0.00   0.00   0.00   0.00   0.00   0.00   0.00   0.00   0.00   0.00   4.09   0.24   7.69   0.00   1.82   0.33   0.00   0.48
-50.64 -19.12   0.00   0.00   0.00   0.00   0.00   0.00   0.00   0.00   0.00   0.00   0.00  13.73   0.36   5.54   3.07   0.85   0.24   0.00   0.00   0.00   0.00   0.00   0.23   0.00   0.00   0.00   0.00   0.00   0.00   0.00   0.00   0.00   0.00   0.00   0.00   0.00   0.00   2.34   0.00   5.93   0.00   2.20   0.61   0.00   1.32
-51.35 -20.40   0.00   0.00   2.81   5.66   0.00   0.00   0.00   0.74   0.00   0.00   0.00  26.00   1.32  14.98   1.31   0.00   0.20   0.00   0.00   0.00   0.00   0.49   0.00   0.00   0.00   0.00   0.00   0.00   0.00   0.00   0.00   0.00   0.00   0.00   0.00   0.00   0.00   2.35   3.03   2.57   0.23   0.25   0.00   0.00   0.00
-51.63 -20.86   0.00   0.00   2.08   1.64   0.00   0.00   0.00   0.22   0.23   0.27   0.00  23.00   3.10  11.43   0.89   0.00   0.00   0.00   0.00   0.00   0.00   1.85   0.26   0.00   0.00   0.00   0.00   0.00   0.00   0.00   0.00   0.00   0.00   0.00   0.00   0.00   0.41   2.72   7.51   2.51   0.00   1.46   0.00   0.00   0.89
-53.18 -20.06   0.00   0.00   1.48   0.26   0.00   0.00   0.00   0.00   0.31   0.00   0.00  23.00   1.34   6.90   0.48   0.00   0.00   0.00   0.00   0.00   0.00   3.84   0.00   0.00   0.00   0.00   0.00   0.00   0.00   0.00   0.00   0.00   0.00   0.00   0.41   0.00   0.00   1.84   6.88   1.89   0.00   0.39   0.00   0.00   0.35
-52.87 -21.66   0.00   0.00   7.81   2.11   0.00   0.00   1.15   0.00   0.00   0.00   0.00  19.00   2.11   2.04   0.00   0.00   0.00   0.00   0.00   0.00   0.00   5.65   0.00   0.00   0.00   0.00   0.00   0.00   0.00   0.00   0.00   0.00   0.00   0.00   0.56   0.00   0.00   8.59  19.00   0.00   0.00   0.00   0.00   0.00   0.00
-52.91 -22.46   0.00   0.85   8.64  19.14   0.33   0.00   0.85   0.33   0.00   0.00   0.00  21.00   2.31   6.97   0.00   0.00   0.00   0.00   0.00   0.00   0.00   8.12   0.53   0.00   0.00   0.00   0.00   0.00   0.00   0.00   0.00   0.00   0.00   0.00   1.00   0.00   0.00   7.31  21.00   0.39   0.00   0.00   0.00   0.00   0.00
-50.80 -13.69   0.00   0.00   0.00   0.00   0.00   0.00   0.00   0.00   0.00   0.00   1.03   6.91   1.11   5.77   2.83   0.25   0.24   0.00   0.00   0.00   0.00   0.00   0.25   0.00   0.00   0.00   0.00   0.00   0.00   0.00   0.00   0.00   0.00   0.00   0.00   0.00   0.00   1.43   0.27   1.96   0.00   0.89   0.29   0.29   0.74
-49.26  -8.27   0.00   0.00   0.00   0.00   0.00   0.00   0.00   0.00   0.00   0.54   1.00   1.90   0.69   3.12   1.44   0.00   0.00   0.00   0.00   0.00   0.00   0.00   0.00   0.00   0.00   0.00   0.00   0.00   0.00   0.00   0.00   0.00   0.00   0.00   0.00   0.00   0.00   0.57   0.00   0.74   0.00   0.38   0.26   0.00   0.76
-48.37  -9.76   0.00   0.00   0.00   0.00   0.00   0.00   0.00   0.00   0.00   0.00   0.00   0.00   0.00   0.00   0.00   0.00   0.00   0.00   0.00   0.00   0.00   0.00   0.00   0.00   0.00   0.00   0.00   0.00   0.00   0.00   0.00   0.00   0.00   0.00   0.00   0.00   0.00   0.00   0.00   0.00   0.00   0.00   0.00   0.00   0.00
-47.39  -9.31   0.00   0.00   0.00   0.00   0.00   0.00   0.00   0.00   0.00   0.00   0.00   0.00   0.00   0.00   0.00   0.00   0.00   0.00   0.00   0.00   0.00   0.00   0.00   0.00   0.00   0.00   0.00   0.00   0.00   0.00   0.00   0.00   0.00   0.00   0.00   0.00   0.00   0.00   0.00   0.00   0.00   0.00   0.00   0.00   0.00
-47.48  -7.33   0.00   0.00   0.00   0.00   0.00   0.00   0.00   0.00   2.26   2.97   0.00   0.00   0.00   0.00   0.00   0.00   0.00   0.00   0.00   0.00   0.00   0.00   0.00   0.00   0.00   0.00   0.00   0.00   0.00   0.00   0.00   0.00   0.00   0.00   0.00   0.00   0.00   0.00   0.00   0.00   0.00   0.00   0.00   0.00   0.00
-49.65  -3.83   0.00   0.00   0.00   0.00   0.00   0.00   0.00   0.37   5.53   1.43   0.00   0.79   0.00   0.00   0.00   0.00   0.00   0.00   0.00   0.00   0.00   0.00   0.00   0.00   0.00   0.00   0.00   0.00   0.00   0.00   0.00   0.00   0.00   0.00   0.00   0.00   0.00   0.00   0.00   0.36   0.00   0.00   0.33   0.46   1.24
-51.67 -29.07   0.00   7.97   0.00   0.48   4.40  32.48   5.35   0.00   0.00   1.33  37.00   4.05   0.00   0.00   0.00   0.00   0.00   0.46  21.43   1.79  17.56   0.00   0.00   0.00   0.00   0.00   0.00   0.00   0.00   0.00   0.00   0.00   0.00  14.45   0.00  12.04  10.37   0.38   7.04   0.00   0.00   0.00   0.00  15.41  32.93
-51.39 -29.01   0.00   5.16   0.00   0.00   7.77  28.98   3.61   0.00   0.00  19.57  30.00   6.45   0.00   0.00   0.00   0.00   0.00   0.00  22.59   4.23  27.09   0.00   0.00   0.48   0.00   0.00   0.00   0.00   0.00   0.00   0.00   0.00   0.00  14.46   0.00  14.72   2.72   1.72   3.17   0.00   0.00   0.00   0.00  10.31  30.00
-53.28 -29.45   1.02  19.46   0.00   1.12  24.02   2.74   2.91   0.00   0.00   3.41  34.00   0.00   0.00   0.00   0.00   0.00   0.00  11.14   7.96   0.68  15.94   0.00   0.00   0.00   0.00   0.00   0.00   0.00   0.00   0.00   0.00   0.00   0.00   9.94   0.00   3.53   2.66   0.24   3.71   0.00   0.00   0.00   0.00  34.00  21.34
-52.54 -28.56   0.00   8.68   0.00   0.35   6.49  16.05   6.28   0.00   0.00   2.76  37.45   1.77   0.00   0.00   0.00   0.00   0.00   1.88  39.00   1.60  11.59   0.00   0.00   0.00   0.00   0.00   0.00   0.00   0.00   0.00   0.00   0.00   0.00   9.99   0.00  15.30  39.00   0.42   4.84   0.00   0.00   0.00   0.00  29.60  35.11
-53.19 -29.02   0.00  13.79   0.00   1.04   9.09  16.06   3.75   0.00   0.00  10.59  35.00   0.38   0.00   0.00   0.00   0.00   0.00   5.90  14.38   0.53  16.66   0.00   0.00   0.00   0.00   0.00   0.00   0.00   0.00   0.00   0.00   0.00   0.00   7.38   0.00   5.16  15.27   0.63   3.27   0.00   0.00   0.00   0.00  35.00  32.53
-48.87 -25.14   0.00  10.82   0.00  13.49   0.00   2.88  31.00   0.00   0.00   0.00   0.25  24.60   0.27   0.22   0.00   0.21   0.00   0.00   3.93   0.00  13.29  20.06   0.49   1.84   0.75   0.00   0.00   0.00   0.00   0.22   1.03   0.00   0.80   1.68   2.72   3.34  31.00  26.08  23.69   0.00   0.00   0.00   0.00   0.00   4.13
-49.52 -27.14   0.00   9.07   0.00   0.00   7.83  17.21  14.55   0.00   0.00   2.59  30.00   2.35   0.00   0.00   0.00   0.00   0.29   0.00  30.00  16.99   5.63   7.62   0.00   0.00   0.22   0.59   0.00   0.42   0.54   0.36   1.61   0.71   0.00  14.36   0.00  23.24  30.00   8.83  30.00   0.00   0.00   0.00   0.33   9.09   7.77
-69.12 -12.60   0.00   0.00   0.00   0.00   0.00   0.00   0.00   2.69   0.32   1.00   3.96   4.69  16.10   0.00   3.09   0.00   0.00   0.00   0.00   0.00   0.00  10.10   0.00   0.00   0.00   0.00   0.00   0.65   0.80   8.55   0.50   0.00   0.00   4.66   5.29   0.00   3.30   1.16   0.55   0.68   0.00   0.00   0.00   0.00   0.00
-59.46 -10.16   0.00   0.00   0.00   0.00   0.00   0.00   0.00   0.00   1.09   3.88   3.75   0.00  19.00   0.67   2.46   0.00   0.00   0.00   0.21   0.76   0.00   0.45   0.00   0.00   0.00   0.00   0.00   0.00   0.00   0.00   0.00   0.00   0.00   0.00   0.00   0.00   0.41   4.08   0.00   3.07   0.00   4.04   0.00   0.58   4.30
-65.35 -10.73   0.00   0.38   0.00   0.00   0.00   0.00   1.04   1.40   0.00   0.00   6.59  18.00   3.81   1.43   0.22   0.00   0.00   0.00   0.00   0.24   8.75   1.84   0.00   0.00   0.00   0.00   0.00   0.00   0.00   2.95   0.00   0.00   0.00  14.17   1.53   0.00   0.00   0.98   3.60   2.30   0.00   0.00   0.00   0.00   0.00
-58.96 -15.12   0.00   0.00   0.00   0.00   0.00   0.00   0.00   0.00   0.00   0.72   3.44  11.25   2.27   1.14   3.31   0.00   0.00   0.00   0.00   0.00   0.91   0.00   0.00   0.00   0.00   0.00   0.00   0.00   0.00   0.00   0.00   0.00   0.00   0.00   0.00   0.00   0.00   0.67   0.00   0.67   0.00   0.00   2.73   0.00   1.51
-64.65  -9.25   0.00   0.00   0.23   0.00   0.00   0.00   0.00   7.13   0.00   0.36   2.01   8.53  11.23   1.42   1.57   0.00   0.00   0.00   0.00   0.00   1.47  13.54   0.00   0.00   0.00   1.54   0.00   0.00   0.81   4.40   0.41   0.00   0.00   8.27   4.48   0.00   1.32   1.27   0.00   3.14   0.00   0.00   0.00   2.45   0.00
-64.43 -12.43   0.00   0.00   0.00   0.00   0.00   0.00   1.20   1.25   0.00   0.00   3.56  17.57   5.50   8.62   0.76   0.00   0.00   0.00   0.00   0.00   6.14   1.92   0.00   0.00   0.00   0.84   0.00   0.00   0.00   0.00   0.00   0.00   0.00   4.27   0.00   0.00   0.00   0.84   0.44   1.42   0.00   0.00   0.00   1.31   0.00
-60.70 -11.99   0.00   0.00   0.00   0.00   0.00   0.00   0.00   4.80   0.00   0.92   0.37   2.36  25.73   9.55   4.99   0.00   0.00   0.00   0.00   0.30   0.37   1.43   0.00   0.00   0.00   0.00   0.00   0.00   0.00   0.00   0.00   0.00   0.00   0.00   0.00   0.00   0.00   0.70   0.00   0.00   0.00   7.10   0.36   1.55   0.76
-63.45  -8.75   0.00   0.00   0.00   0.00   0.00   0.00   0.00   0.26   5.53   2.61   0.24   0.00  28.00   5.28   9.61   0.00   0.00   0.00   0.00   3.88   0.00   0.63   0.00   0.00   5.04   0.66   0.00   0.00   0.00   0.00   0.00   0.00   0.00   0.00   5.69   0.00   0.49   0.00   0.00   0.00   0.00   2.69   0.00   0.00   0.00
-63.97  -8.87   0.00   0.00   0.51   0.00   0.00   0.00   0.00   4.38   0.70   2.15   0.27   0.00   3.01   9.20   8.34   0.00   0.00   0.00   0.00   0.38   0.28   3.61   0.00   0.00   0.42  17.45   0.00   0.00   0.29   0.00   0.00   0.00   0.00   0.00   3.01   0.00   1.24   0.00   0.00   0.00   0.00   3.64   1.45   0.00   0.00
-52.00  -6.74   0.00   0.00   0.00   0.00   0.00   0.00   0.00   0.00   0.33   2.04   2.77   2.71   2.92   2.50   5.08   0.30   0.00   0.00   0.00   0.00   0.00   0.00   0.00   0.00   0.00   0.00   0.00   0.00   0.00   0.00   0.00   0.00   0.00   0.00   0.00   0.00   0.49   1.13   0.00   0.59   0.97   0.76   0.57   0.69   1.45
-51.77  -6.75   0.00   0.00   0.00   0.00   0.00   0.00   0.00   0.00   1.03   3.47   2.57   2.05   0.00   0.00   0.00   0.00   0.00   0.00   0.00   0.00   0.00   0.00   0.00   0.00   0.00   0.00   0.00   0.00   0.00   0.00   0.00   0.00   0.00   0.00   0.00   0.00   0.00   0.00   0.00   0.52   0.00   0.00   0.59   0.59   4.26
-51.91  -3.41   0.00   0.00   0.00   0.00   0.00   0.00   0.00   0.00   1.48   5.70   2.86   2.04   2.04   0.00   0.96   0.00   0.85   1.08   0.25   0.00   0.00   0.00   0.00   0.00   0.00   0.00   0.00   0.00   0.00   0.00   0.00   0.00   0.00   0.57   0.00   0.00   0.00   0.00   0.00   0.00   0.48   0.72   0.30   0.46   2.41
-55.77 -10.98   0.00   0.00   0.00   0.00   0.00   0.00   0.00   0.00   0.53   0.22   9.13  23.79   7.08   6.19   9.38   0.00   0.00   0.00   0.00   0.00   0.00   0.00   0.00   0.00   0.00   0.00   0.00   0.00   0.00   0.00   0.00   0.00   0.00   0.00   0.00   0.00   0.34   2.51   0.00   1.38   0.84   0.59   0.51   0.70   3.32
-57.04  -9.19   0.00   0.00   0.00   0.00   0.00   0.00   0.00   0.00   0.28   0.77   8.97  13.15   4.74   0.00  27.00   0.00   0.00   0.85   0.00   0.00   0.00   0.00   0.00   0.00   0.00   0.00   0.00   0.00   0.00   0.00   0.00   0.00   0.00   0.00   0.00   0.00   0.44   0.65   0.00   0.00   0.00   0.91   1.40   0.35   2.62
-42.57 -16.74   0.00   0.00   0.00   0.00   0.00   0.00   0.00   0.00   2.63   0.00   0.00   0.00   0.00   0.00   0.00   0.00   0.00   0.31   0.00   0.00   0.00   0.00   0.00   0.00   0.00   0.00   0.00   0.00   0.00   1.34   0.98   0.00   0.00   0.00   0.00   0.00   0.00   0.00   0.00   0.00   0.00   0.00   0.00   0.00   0.00
-39.59 -15.97   0.33   0.00   0.00   0.00   0.00   0.00   0.00   0.00   2.91   0.21   0.00   0.00   0.00   0.00   0.00   0.84   1.42   1.33   0.93   0.80   0.00   0.00   0.00   0.00   0.77   0.00   0.36   0.61   0.59   2.58   1.25   0.55   0.00   0.00   0.00   0.00   0.00   0.00   0.00   0.00   0.25   0.00   0.30   0.00   0.00
-59.47  -1.92   0.73   0.00   0.00   0.00   0.00   0.00   0.00   0.00   1.61   3.98   0.00   0.00   0.00   0.00   0.00   0.00   6.20   0.51   0.29   9.78   0.00   0.00   0.66   0.00   0.00   3.06   0.92   0.00   0.00   0.00   0.00  16.84   1.26   0.00   0.49   0.00   0.00   0.00   0.00   0.00   0.00   6.03   0.92   0.78   8.69
-54.30  -2.82   0.00   0.00   0.00   0.00   0.00   0.00   0.00   0.00   0.76   0.00   0.00   0.00   0.00   0.00   0.00   0.00   0.00   0.00   0.00   0.00   0.00   0.00   0.00   0.00   0.00   0.00   0.00   0.00   0.00   0.00   0.00   0.00   0.00   0.00   0.00   0.00   0.00   0.00   0.00   0.00   0.00   0.00   0.00   0.00   0.25
-52.52  -0.65   0.65   0.27   0.00   0.00   0.00   0.00   0.00   7.46   0.34   0.00   1.28   0.23   0.00   0.00   0.00   0.00   0.00   0.37   0.00   0.00   0.00   0.00   0.00   0.00   0.00   0.00   0.00   0.00   0.00   0.54   0.48   0.54   0.00   0.00   0.00   0.00   0.00   0.00   0.00   0.00   0.00   0.00   0.00   0.00   0.00
-51.20   0.86   0.31   0.00   0.00   0.00   0.00   0.00   0.00   4.82   0.57   0.00   1.75   0.75   0.00   0.00   0.00   0.00   0.54   0.00   0.00   0.00   0.00   0.00   0.00   0.00   0.00   0.00   0.84   0.00   0.48   0.75   1.86   0.00   0.00   0.00   0.00   0.00   0.00   0.00   0.00   0.00   0.00   0.00   0.00   0.00   0.00
-43.57  -6.75   0.00   0.00   0.00   0.00   0.00   0.00   0.00   0.00   0.92   0.31   0.00   0.00   0.00   0.00   0.00   0.00   0.00   0.00   0.00   0.00   0.00   0.00   0.00   0.00   0.00   0.00   0.00   0.00   0.00   0.00   0.00   0.00   0.00   0.00   0.00   0.00   0.00   0.00   0.00   0.00   0.00   0.00   0.59   0.00   0.00
-54.83 -17.09   0.00   0.00   0.00   0.00   0.00   0.00   0.00   0.00   0.00   0.00   3.41  22.55   3.56   7.42   1.74   0.00   0.00   0.00   0.00   0.00   0.00   0.00   0.00   0.00   0.00   0.00   0.00   0.00   0.00   0.00   0.00   0.00   0.00   0.00   0.00   0.00   0.00   3.17   0.80   3.20   0.00   0.22   0.00   0.00   0.67
-58.73 -15.24   0.00   0.00   0.00   0.00   0.00   0.00   0.00   0.00   0.00   0.43   2.14  19.20   4.41   1.22   3.56   0.00   0.00   0.00   0.00   0.00   3.70   0.00   0.00   0.00   0.00   0.00   0.00   0.00   0.00   0.00   0.00   0.00   0.00   0.00   0.00   0.00   0.00   0.72   0.00   1.02   0.00   0.00   1.56   0.00   1.92
-55.78 -14.87   0.00   0.00   0.00   0.00   0.00   0.00   0.00   0.00   0.00   0.00   5.00  27.00   2.13   5.13   6.67   0.00   0.00   0.00   0.00   0.00   0.00   0.00   0.00   0.00   0.00   0.00   0.00   0.00   0.00   0.00   0.00   0.00   0.00   0.00   0.00   0.00   0.00   5.45   0.00   5.01   0.00   0.49   0.00   0.00   4.09
-54.83 -17.61   0.00   0.00   0.00   0.00   0.00   0.00   0.00   0.00   0.00   0.23   1.59  17.64   2.40   7.66   0.59   0.00   0.00   0.00   0.00   0.00   0.00   0.00   0.00   0.00   0.00   0.00   0.00   0.00   0.00   0.00   0.00   0.00   0.00   0.00   0.00   0.00   0.00   1.73   2.98   2.49   0.00   0.37   0.00   0.00   0.39
-39.00 -12.58   2.80   0.35   0.00   0.00   0.00   0.00   0.00   0.00   0.00   0.00   0.81   0.00   0.00   0.21   0.00   1.42   0.51   1.30   2.61   0.84   0.00   0.00   0.00   0.00   2.43   0.82   0.58   1.56   1.18   3.44   0.99   0.71   0.00   0.00   0.00   0.00   0.00   0.00   0.00   0.00   0.00   0.00   0.34   0.84   0.00
-40.20 -17.90   0.00   0.00   0.00   0.00   0.00   0.00   0.00   0.00   2.50   0.00   0.00   0.00   0.00   0.00   0.00   0.79   4.76   3.75   0.48   0.51   0.00   0.00   0.00   0.00   0.52   0.29   0.73   0.99   1.11   6.66   2.97   1.85   0.00   0.00   0.00   0.00   0.00   0.00   0.00   0.00   0.25   0.00   0.00   0.00   0.00
-41.72 -20.92   0.00   0.00   0.00   0.37   0.00   0.00   0.00   3.82   2.27   0.42   0.00   0.00   1.88   0.00   9.65   3.19   0.31   3.77   0.00   0.00   0.00   0.00   7.71   1.53   0.40   0.00   0.00   0.00   0.00   2.14   0.43   0.00   0.00   0.00   0.00   0.00   0.00   0.00   0.66  10.53   0.00   0.00   0.00   0.00   0.00
-42.85 -20.21   0.00   0.00   0.00   6.10   0.31   0.00   0.00  13.27   3.01   1.72   0.00   0.00   7.57   0.00   0.00   3.40   1.40   0.00   0.00   0.00   0.00   0.00   6.47   2.84   0.33   0.00   0.00   0.00   0.00   5.43   1.10   0.00   0.00   0.00   0.00   0.00   0.00   0.36   3.40   8.84   0.00   0.00   0.00   0.00   0.00
-42.85 -19.64   0.00   0.00   0.00   0.00   0.44   0.00   0.00   9.84   3.05   0.45   0.00   0.00   1.00   0.00   3.62   0.00   0.00   0.00   0.00   0.00   0.00   0.00   0.00   0.22   0.00   0.00   0.00   0.00   0.00   2.80   0.95   0.00   0.00   0.00   0.00   0.00   0.00   0.00   0.00   3.55   0.00   0.00   0.00   0.00   0.00
-42.66 -19.12   0.00   0.00   0.00   0.00   0.00   0.00   0.00   1.50   2.19   0.51   0.00   0.00   0.81   0.00   1.64   0.00   0.00   0.00   0.00   0.00   0.00   0.00   0.00   0.00   0.00   0.00   0.00   0.00   0.00   4.70   2.00   0.60   0.00   0.00   0.00   0.00   0.00   0.00   0.00   3.28   2.53   0.00   0.00   0.00   0.00
-40.92 -19.50   0.00   0.00   0.00   0.00   0.00   0.00   0.00   0.28   1.93   1.03   0.00   0.00   0.66   0.00   1.59   0.00   0.34   1.91   0.00   0.30   0.00   0.00   0.39   0.70   0.00   0.00   0.00   0.00   0.00   5.42   1.75   0.00   0.24   0.00   0.00   0.00   0.00   0.00   0.00   5.10   0.33   0.00   0.00   0.00   0.00
-45.87 -23.37   0.00   0.00   0.24   0.93   0.59   0.00   1.32   5.91   7.58   3.40   0.00   3.83   5.14   9.91   7.36   1.08   0.00   0.00   0.00   0.00   0.00   6.53   6.23   5.83   1.81   0.00   0.00   0.00   0.00   0.00   1.75   0.00   2.96   0.00   6.72   0.31   4.12   1.86   8.39   5.27   0.00   0.00   0.00   0.00   0.00
-46.03 -23.20   0.00   0.00   1.17   3.80   0.25   0.00   5.63   2.24   6.34   0.24   0.00   7.56   3.36  11.01   1.24   0.00   0.00   0.00   0.00   0.00   0.00   6.38   1.73   2.01   0.00   0.00   0.00   0.00   0.00   0.00   4.05   0.23   2.42   0.00   6.12   0.00   2.57   1.70   3.47   0.43   0.00   0.00   0.00   0.00   0.00
-44.57 -22.53   0.00   0.00   0.41   2.20   0.38   0.00   2.33   6.79  11.21   6.99   0.00   3.63   5.98  11.39   2.05   0.45   0.26   0.00   0.00   0.00   0.00   2.45   8.98   3.51   0.33   0.00   0.00   0.00   0.00   1.41   6.79   0.37   2.58   0.00   2.82   0.00   4.10   0.62   8.75   3.72   0.00   0.00   0.00   0.00   0.00
-43.84 -22.48   0.00   0.00   0.00   1.24   0.00   0.00   0.00   3.75   9.67   4.82   0.00   0.26   3.47  26.16   5.07   2.85   0.48   0.00   0.00   0.00   0.00   0.97   7.44   4.52   0.88   0.00   0.00   0.00   0.00   2.39   1.11   0.00   0.94   0.00   0.52   0.00   2.00   0.00  10.17  13.12   0.00   0.00   0.00   0.00   0.00
-43.54 -21.91   0.00   0.00   0.00   8.41   0.00   0.00   0.00   8.00   8.11   1.73   0.00   0.00   1.52  23.45   1.26   1.58   4.93   0.00   0.00   0.00   0.00   0.00   4.59   2.25   0.00   0.00   0.00   0.00   0.00   1.49   0.33   0.00   0.75   0.00   0.21   0.00   0.00   0.00  15.66  13.62   0.00   0.00   0.00   0.00   0.00
-43.36 -21.94   0.00   0.00   0.00  16.43   0.00   0.00   0.00   6.60   3.69   1.46   0.00   0.00   4.73  17.36   0.00   2.68   5.32   0.00   0.00   0.00   0.00   0.00   2.25   3.07   0.30   0.00   0.00   0.00   0.00   2.88   0.81   0.00   1.22   0.00   0.22   0.00   0.00   0.00  20.03  16.55   0.00   0.00   0.00   0.00   0.00
-42.58 -21.84   0.00   0.00   0.00   5.17   0.00   0.00   0.00  12.31   7.81   2.47   0.00   0.21   5.16  20.34   1.76   2.76   4.18   0.00   0.00   0.00   0.00   0.31   5.74   4.40   0.25   0.00   0.00   0.00   0.00   5.25   1.33   0.63   0.79   0.00   1.57   0.29   1.03   0.00   5.71  20.30   0.00   0.00   0.00   0.00   0.00
-43.83 -22.69   0.00   0.00   0.00   0.00   0.00   0.00   0.00   4.69   3.46   1.81   0.00   0.32   2.29  16.55  17.60   5.39   0.00   0.00   0.00   0.00   0.00   1.60   9.42   6.99   2.23   0.00   0.00   0.00   0.00   0.78   1.06   0.00   0.41   0.00   0.90   0.00   1.28   0.00   2.61  10.88   0.00   0.00   0.00   0.00   0.00
-53.67 -25.51   0.00   7.31   0.00   1.35   0.00   3.10   4.77   0.00   0.00   8.33  30.00   4.71   0.00   0.00   0.00   0.00   0.00   0.00  20.59  30.00  30.00   0.56   0.00   0.00   0.00   0.00   0.00   0.00   0.00   0.00   0.00   0.00   0.00  18.76   0.00   5.27  28.33  23.33  20.05   0.00   0.00   0.27   0.00  14.10  24.46
-42.41 -21.45   0.00   0.00   0.00  13.56   0.00   0.00   0.00   6.17   1.13   1.93   0.00   0.00   6.79   2.06   0.00   5.61   1.98   0.31   0.00   0.00   0.00   0.00   7.35   3.73   0.72   0.00   0.00   0.00   0.00   4.86   0.95   0.65   0.29   0.00   0.00   0.00   0.00   0.00   4.99   7.58   0.00   0.00   0.00   0.00   0.00
-64.66  -9.26      0      0      0      0      0      0      0    3.3    0.3    0.9    3.7    5.2   15.5    0.2    2.9      0      0      0      0      0    0.2   10.5      0      0      0    0.2      0    0.6    0.8      8    0.5      0      0    5.1    5.2      0      3    1.2    0.5      1      0      0      0    0.3      0
-51.77  -3.13      0      0      0      0      0      0      0      0    1.2    4.7    2.8    2.2    2.2    0.7      2    0.1    0.6    0.8    0.2      0      0      0      0      0      0      0      0      0      0      0      0      0      0    0.4      0      0    0.1    0.3      0    0.2    0.6    0.7    0.4    0.5    2.2
